<?xml version="1.0" encoding="utf-8"?>
<COLLADA xmlns="http://www.collada.org/2005/11/COLLADASchema" version="1.4.1">
  <asset><contributor><author>Mixamo</author><authoring_tool>COLLADA Mixamo exporter</authoring_tool><comments></comments></contributor><created>2017-03-27T20:52:42Z</created><modified>2017-03-27T20:52:42Z</modified><revision></revision><title></title><unit meter="0.010000"/><up_axis>Y_UP</up_axis></asset>
  <library_animations>
    <animation id="Hips-anim" name="Hips"><source id="Hips-Matrix-animation-input"><float_array id="Hips-Matrix-animation-input-array" count="176">

0.000000 0.033333 0.066667 0.100000 0.133333 0.166667 0.200000 0.233333 0.266667 0.300000 0.333333 0.366667 0.400000 0.433333 0.466667 0.500000
0.533333 0.566667 0.600000 0.633333 0.666667 0.700000 0.733333 0.766667 0.800000 0.833333 0.866667 0.900000 0.933333 0.966667 1.000000 1.033333
1.066667 1.100000 1.133333 1.166667 1.200000 1.233333 1.266667 1.300000 1.333333 1.366667 1.400000 1.433333 1.466667 1.500000 1.533333 1.566667
1.600000 1.633333 1.666667 1.700000 1.733333 1.766667 1.800000 1.833333 1.866667 1.900000 1.933333 1.966667 2.000000 2.033333 2.066667 2.100000
2.133333 2.166667 2.200000 2.233333 2.266667 2.300000 2.333333 2.366667 2.400000 2.433333 2.466667 2.500000 2.533333 2.566667 2.600000 2.633333
2.666667 2.700000 2.733333 2.766667 2.800000 2.833333 2.866667 2.900000 2.933333 2.966667 3.000000 3.033333 3.066667 3.100000 3.133333 3.166667
3.200000 3.233333 3.266667 3.300000 3.333333 3.366667 3.400000 3.433333 3.466667 3.500000 3.533333 3.566667 3.600000 3.633333 3.666667 3.700000
3.733333 3.766667 3.800000 3.833333 3.866667 3.900000 3.933333 3.966667 4.000000 4.033333 4.066667 4.100000 4.133333 4.166667 4.200000 4.233333
4.266667 4.300000 4.333333 4.366667 4.400000 4.433333 4.466667 4.500000 4.533333 4.566667 4.600000 4.633333 4.666667 4.700000 4.733333 4.766667
4.800000 4.833333 4.866667 4.900000 4.933333 4.966667 5.000000 5.033333 5.066667 5.100000 5.133333 5.166667 5.200000 5.233333 5.266667 5.300000
5.333333 5.366667 5.400000 5.433333 5.466667 5.500000 5.533333 5.566667 5.600000 5.633333 5.666667 5.700000 5.733333 5.766667 5.800000 5.833333</float_array><technique_common><accessor source="#Hips-Matrix-animation-input-array" count="176"><param name="TIME" type="float"/></accessor></technique_common></source><source id="Hips-Matrix-animation-output-transform"><float_array id="Hips-Matrix-animation-output-transform-array" count="2816">

0.670738 0.057350 -0.739474 -0.402101 0.075412 0.986566 0.144915 78.755203 0.737850 -0.152966 0.657403 -0.057850 0.000000 0.000000 0.000000 1.000000
0.671743 0.056199 -0.738650 -0.407963 0.074988 0.986837 0.143278 78.749802 0.736979 -0.151636 0.658687 -0.045328 0.000000 0.000000 0.000000 1.000000
0.674878 0.055060 -0.735872 -0.410143 0.073972 0.987142 0.141702 78.758591 0.734212 -0.150066 0.662128 -0.029002 0.000000 0.000000 0.000000 1.000000
0.679535 0.053884 -0.731662 -0.405662 0.072367 0.987512 0.139938 78.785385 0.730065 -0.148041 0.667150 -0.006548 0.000000 0.000000 0.000000 1.000000
0.685309 0.052424 -0.726363 -0.393003 0.070381 0.987969 0.137708 78.831848 0.724843 -0.145495 0.673375 0.023224 0.000000 0.000000 0.000000 1.000000
0.691565 0.050057 -0.720578 -0.369472 0.068370 0.988581 0.134291 78.897186 0.719071 -0.142137 0.680246 0.058117 0.000000 0.000000 0.000000 1.000000
0.697081 0.046848 -0.715461 -0.331797 0.066301 0.989376 0.129381 78.975479 0.713921 -0.137625 0.686569 0.099538 0.000000 0.000000 0.000000 1.000000
0.700322 0.043379 -0.712507 -0.270352 0.064950 0.990139 0.124121 79.058311 0.710866 -0.133202 0.690599 0.161250 0.000000 0.000000 0.000000 1.000000
0.702836 0.039612 -0.710248 -0.160443 0.062621 0.991127 0.117245 79.098068 0.708590 -0.126880 0.694119 0.163303 0.000000 0.000000 0.000000 1.000000
0.705390 0.034964 -0.707956 -0.005830 0.057937 0.992597 0.106749 78.995071 0.706447 -0.116316 0.698142 -0.000013 0.000000 0.000000 0.000000 1.000000
0.706869 0.025164 -0.706897 0.175429 0.057529 0.994011 0.092911 78.634201 0.705001 -0.106343 0.701188 -0.323996 0.000000 0.000000 0.000000 1.000000
0.707855 0.012617 -0.706245 0.354590 0.058198 0.995399 0.076114 77.942444 0.703956 -0.094980 0.703864 -0.894374 0.000000 0.000000 0.000000 1.000000
0.712757 0.006763 -0.701378 0.488611 0.049824 0.996939 0.060245 76.950363 0.699639 -0.077885 0.710239 -1.737767 0.000000 0.000000 0.000000 1.000000
0.727233 0.005077 -0.686372 0.592787 0.038756 0.998074 0.048446 75.540390 0.685296 -0.061832 0.725635 -2.711013 0.000000 0.000000 0.000000 1.000000
0.745589 -0.001370 -0.666405 0.657338 0.030424 0.999025 0.031985 73.725342 0.665712 -0.044122 0.744904 -3.794960 0.000000 0.000000 0.000000 1.000000
0.759698 -0.006996 -0.650238 0.660196 0.022878 0.999611 0.015975 71.775887 0.649873 -0.027013 0.759563 -5.003577 0.000000 0.000000 0.000000 1.000000
0.784641 -0.004040 -0.619938 0.592612 0.014423 0.999827 0.011739 69.986107 0.619783 -0.018153 0.784563 -6.306149 0.000000 0.000000 0.000000 1.000000
0.822810 -0.003493 -0.568306 0.397037 0.013301 0.999826 0.013113 68.591087 0.568161 -0.018349 0.822713 -7.696410 0.000000 0.000000 0.000000 1.000000
0.842554 -0.014592 -0.538414 -0.002287 0.020808 0.999769 0.005467 68.066185 0.538210 -0.015810 0.842662 -9.180621 0.000000 0.000000 0.000000 1.000000
0.853461 -0.029642 -0.520313 -0.471352 0.028722 0.999539 -0.009831 68.667015 0.520365 -0.006554 0.853919 -10.786413 0.000000 0.000000 0.000000 1.000000
0.875342 -0.038573 -0.481963 -0.882664 0.034237 0.999255 -0.017792 70.272072 0.482290 -0.000926 0.876011 -12.248711 0.000000 0.000000 0.000000 1.000000
0.902533 -0.043942 -0.428373 -1.215851 0.039733 0.999034 -0.018767 72.682114 0.428784 -0.000082 0.903407 -13.407693 0.000000 0.000000 0.000000 1.000000
0.925163 -0.050757 -0.376161 -1.490389 0.046861 0.998711 -0.019505 75.660675 0.376666 0.000418 0.926349 -14.426539 0.000000 0.000000 0.000000 1.000000
0.939809 -0.055738 -0.337123 -1.701841 0.053012 0.998444 -0.017296 78.748367 0.337563 -0.001617 0.941302 -15.395056 0.000000 0.000000 0.000000 1.000000
0.947637 -0.060284 -0.313608 -1.775739 0.058293 0.998176 -0.015732 81.281693 0.313984 -0.003373 0.949422 -16.301403 0.000000 0.000000 0.000000 1.000000
0.952040 -0.069182 -0.298048 -1.752446 0.066480 0.997603 -0.019208 82.929771 0.298663 -0.001527 0.954357 -17.071024 0.000000 0.000000 0.000000 1.000000
0.957735 -0.072969 -0.278244 -1.549872 0.068984 0.997327 -0.024100 83.949623 0.279259 0.003887 0.960208 -17.636028 0.000000 0.000000 0.000000 1.000000
0.965235 -0.069584 -0.251953 -1.362759 0.062316 0.997381 -0.036721 84.153404 0.253848 0.019744 0.967043 -18.330147 0.000000 0.000000 0.000000 1.000000
0.972047 -0.065813 -0.225375 -1.312127 0.052593 0.996552 -0.064171 83.337242 0.228821 0.050524 0.972157 -19.322189 0.000000 0.000000 0.000000 1.000000
0.974631 -0.087817 -0.205872 -1.240862 0.070047 0.993284 -0.092086 81.720711 0.212576 0.075329 0.974237 -20.282930 0.000000 0.000000 0.000000 1.000000
0.977090 -0.106220 -0.184424 -1.229105 0.082471 0.987813 -0.132001 79.048065 0.196197 0.113767 0.973942 -21.509357 0.000000 0.000000 0.000000 1.000000
0.983741 -0.091257 -0.154682 -1.203878 0.060970 0.979829 -0.190307 75.482498 0.168928 0.177782 0.969462 -23.261644 0.000000 0.000000 0.000000 1.000000
0.988738 -0.074673 -0.129696 -1.397742 0.042330 0.970776 -0.236225 70.853317 0.143546 0.228074 0.963004 -25.422085 0.000000 0.000000 0.000000 1.000000
0.991651 -0.061479 -0.113356 -1.846167 0.027764 0.960212 -0.277888 65.573212 0.125930 0.272420 0.953902 -28.261040 0.000000 0.000000 0.000000 1.000000
0.993519 -0.047109 -0.103444 -2.380293 0.007940 0.936612 -0.350277 60.250538 0.113388 0.347186 0.930916 -31.145027 0.000000 0.000000 0.000000 1.000000
0.996695 -0.031031 -0.075076 -2.840377 -0.001206 0.918414 -0.395618 56.038902 0.081227 0.394401 0.915341 -33.597198 0.000000 0.000000 0.000000 1.000000
0.998232 -0.011938 -0.058230 -3.252023 -0.011774 0.920499 -0.390566 53.125763 0.058263 0.390561 0.918731 -35.704411 0.000000 0.000000 0.000000 1.000000
0.998691 0.005081 -0.050888 -3.617347 -0.023449 0.929778 -0.367374 51.410706 0.045448 0.368087 0.928680 -37.178974 0.000000 0.000000 0.000000 1.000000
0.999641 0.010802 -0.024521 -3.869511 -0.017281 0.959293 -0.281882 50.944912 0.020478 0.282205 0.959136 -38.214237 0.000000 0.000000 0.000000 1.000000
0.999934 0.011485 -0.000344 -4.108654 -0.011386 0.986424 -0.163821 51.046539 -0.001542 0.163814 0.986490 -39.223412 0.000000 0.000000 0.000000 1.000000
0.999570 0.028620 0.006447 -4.607895 -0.028435 0.999226 -0.027194 50.834988 -0.007220 0.026999 0.999609 -40.092777 0.000000 0.000000 0.000000 1.000000
0.998846 0.045881 0.014220 -5.271093 -0.047405 0.989328 0.137776 50.619740 -0.007747 -0.138291 0.990361 -40.991989 0.000000 0.000000 0.000000 1.000000
0.998552 0.047008 0.026154 -5.875142 -0.052403 0.959858 0.275547 51.184155 -0.012151 -0.276519 0.960932 -41.893627 0.000000 0.000000 0.000000 1.000000
0.998355 0.044251 0.036471 -6.078221 -0.054585 0.928224 0.367995 53.225060 -0.017569 -0.369380 0.929112 -42.066345 0.000000 0.000000 0.000000 1.000000
0.997635 0.053752 0.042836 -5.819288 -0.067306 0.890307 0.450359 57.410149 -0.013929 -0.452177 0.891820 -41.389030 0.000000 0.000000 0.000000 1.000000
0.996875 0.066776 0.042212 -5.427895 -0.078802 0.802795 0.591024 64.619812 0.005579 -0.592504 0.805548 -40.345425 0.000000 0.000000 0.000000 1.000000
0.998720 0.045898 0.021254 -5.086987 -0.046814 0.679682 0.732011 73.529373 0.019152 -0.732069 0.680961 -40.374725 0.000000 0.000000 0.000000 1.000000
0.999574 0.022128 0.019031 -4.847360 -0.027953 0.538304 0.842287 81.023521 0.008394 -0.842461 0.538693 -42.377815 0.000000 0.000000 0.000000 1.000000
0.999471 0.005526 0.032053 -4.374370 -0.032042 0.336600 0.941103 84.420685 -0.005589 -0.941632 0.336599 -45.028641 0.000000 0.000000 0.000000 1.000000
0.999814 0.007389 0.017820 -4.061763 -0.018652 0.134493 0.990739 85.784340 0.004924 -0.990887 0.134606 -48.541000 0.000000 0.000000 0.000000 1.000000
0.999998 0.001848 0.000564 -4.037103 -0.000414 -0.079999 0.996795 86.305466 0.001887 -0.996793 -0.079998 -51.664444 0.000000 0.000000 0.000000 1.000000
0.999798 -0.008368 -0.018290 -4.191517 0.014946 -0.299414 0.954006 86.775536 -0.013460 -0.954086 -0.299229 -54.598930 0.000000 0.000000 0.000000 1.000000
0.999055 -0.017305 -0.039879 -4.444851 0.025533 -0.508868 0.860466 87.119530 -0.035184 -0.860670 -0.507945 -57.410149 0.000000 0.000000 0.000000 1.000000
0.997601 -0.025229 -0.064464 -4.841530 0.029018 -0.693056 0.720299 87.271622 -0.062850 -0.720442 -0.690661 -60.163948 0.000000 0.000000 0.000000 1.000000
0.995734 -0.032324 -0.086424 -5.198373 0.019916 -0.839258 0.543368 87.175247 -0.090096 -0.542771 -0.835034 -62.842739 0.000000 0.000000 0.000000 1.000000
0.993717 -0.035403 -0.106178 -5.406113 0.003171 -0.939369 0.342893 87.253036 -0.111879 -0.341075 -0.933355 -65.364029 0.000000 0.000000 0.000000 1.000000
0.991828 -0.035674 -0.122493 -5.556242 -0.019232 -0.990946 0.132873 87.731018 -0.126124 -0.129432 -0.983534 -67.833206 0.000000 0.000000 0.000000 1.000000
0.990574 -0.028574 -0.133967 -5.737908 -0.040775 -0.995175 -0.089237 87.705063 -0.130771 0.093859 -0.986960 -71.000801 0.000000 0.000000 0.000000 1.000000
0.987836 -0.002853 -0.155476 -5.830164 -0.049144 -0.954317 -0.294726 87.106743 -0.147532 0.298781 -0.942849 -74.493896 0.000000 0.000000 0.000000 1.000000
0.989767 -0.014441 -0.141957 -6.527162 -0.083973 -0.863296 -0.497664 85.855766 -0.115364 0.504492 -0.855675 -80.374924 0.000000 0.000000 0.000000 1.000000
0.989825 -0.019524 -0.140946 -7.340929 -0.114093 -0.700814 -0.704161 83.529732 -0.085029 0.713077 -0.695910 -86.408966 0.000000 0.000000 0.000000 1.000000
0.978779 0.059843 -0.195984 -8.440881 -0.141022 -0.497190 -0.856105 80.294792 -0.148673 0.865576 -0.478200 -95.112907 0.000000 0.000000 0.000000 1.000000
0.974939 0.126660 -0.182895 -9.213036 -0.155378 -0.200700 -0.967252 73.599205 -0.159219 0.971430 -0.175990 -105.457916 0.000000 0.000000 0.000000 1.000000
0.993098 0.073850 -0.091119 -8.964804 -0.106002 0.232625 -0.966773 66.470596 -0.050200 0.969759 0.238847 -112.921219 0.000000 0.000000 0.000000 1.000000
0.999001 0.041727 0.016025 -9.234714 -0.000930 0.377858 -0.925863 61.097778 -0.044689 0.924923 0.377519 -119.072197 0.000000 0.000000 0.000000 1.000000
0.996755 0.064710 0.047885 -9.045112 0.016446 0.418600 -0.908022 58.780823 -0.078803 0.905862 0.416177 -123.116966 0.000000 0.000000 0.000000 1.000000
0.999403 0.029856 0.017409 -8.540995 0.001994 0.453070 -0.891473 58.532463 -0.034503 0.890975 0.452740 -124.813736 0.000000 0.000000 0.000000 1.000000
0.999947 0.010165 0.001369 -7.914727 -0.003206 0.436612 -0.899644 59.648102 -0.009742 0.899592 0.436622 -125.477997 0.000000 0.000000 0.000000 1.000000
0.999633 0.011772 -0.024411 -7.125561 -0.027099 0.445778 -0.894733 61.638153 0.000349 0.895066 0.445933 -125.398148 0.000000 0.000000 0.000000 1.000000
0.999065 0.009700 -0.042136 -6.248612 -0.041631 0.479025 -0.876813 63.866566 0.011679 0.877748 0.478981 -124.384491 0.000000 0.000000 0.000000 1.000000
0.999112 0.005389 -0.041777 -5.399228 -0.038077 0.539683 -0.841007 66.071335 0.018015 0.841851 0.539410 -122.980644 0.000000 0.000000 0.000000 1.000000
0.999262 -0.015661 -0.035066 -4.522211 -0.016626 0.646661 -0.762596 67.908180 0.034619 0.762616 0.645924 -121.274292 0.000000 0.000000 0.000000 1.000000
0.998529 -0.018334 -0.051031 -3.741221 -0.022217 0.720154 -0.693458 69.093895 0.049464 0.693572 0.718687 -119.595482 0.000000 0.000000 0.000000 1.000000
0.996428 0.012136 -0.083565 -3.292108 -0.066229 0.726238 -0.684246 69.534042 0.052384 0.687336 0.724448 -118.129936 0.000000 0.000000 0.000000 1.000000
0.994566 0.006297 -0.103921 -2.327957 -0.072499 0.758275 -0.647892 69.958450 0.074721 0.651905 0.754610 -116.056412 0.000000 0.000000 0.000000 1.000000
0.989839 -0.008974 -0.141906 -1.128735 -0.076543 0.807433 -0.584972 70.145447 0.119830 0.589890 0.798542 -113.674294 0.000000 0.000000 0.000000 1.000000
0.988857 -0.022743 -0.147122 -0.600898 -0.061645 0.836997 -0.543724 69.643715 0.135507 0.546734 0.826268 -110.798477 0.000000 0.000000 0.000000 1.000000
0.990423 -0.027324 -0.135334 -1.325399 -0.046748 0.855953 -0.514936 69.417068 0.129910 0.516331 0.846478 -106.787498 0.000000 0.000000 0.000000 1.000000
0.988047 -0.027514 -0.151678 -2.101416 -0.051002 0.870185 -0.490078 69.373322 0.145472 0.491956 0.858381 -102.209610 0.000000 0.000000 0.000000 1.000000
0.983309 -0.029452 -0.179545 -3.159152 -0.058907 0.882125 -0.467316 69.194389 0.172145 0.470093 0.865667 -97.281548 0.000000 0.000000 0.000000 1.000000
0.985116 -0.032802 -0.168731 -4.272891 -0.045545 0.896726 -0.440236 68.802170 0.165746 0.441368 0.881886 -92.370216 0.000000 0.000000 0.000000 1.000000
0.990246 -0.028793 -0.136326 -5.308901 -0.029951 0.911556 -0.410085 68.269516 0.136076 0.410167 0.901801 -87.740921 0.000000 0.000000 0.000000 1.000000
0.995555 -0.020806 -0.091853 -6.375530 -0.015666 0.925121 -0.379349 67.658340 0.092868 0.379102 0.920683 -83.279709 0.000000 0.000000 0.000000 1.000000
0.999492 -0.019926 -0.024870 -7.502655 0.010051 0.937685 -0.347341 67.247070 0.030241 0.346915 0.937409 -78.835693 0.000000 0.000000 0.000000 1.000000
0.996834 -0.026631 0.074919 -8.575700 0.048721 0.949214 -0.310835 67.117279 -0.062837 0.313501 0.947506 -74.233414 0.000000 0.000000 0.000000 1.000000
0.978303 -0.042891 0.202691 -9.314638 0.097359 0.958757 -0.267032 67.145958 -0.182878 0.280972 0.942131 -69.345444 0.000000 0.000000 0.000000 1.000000
0.931109 -0.064922 0.358917 -9.543604 0.148065 0.966582 -0.209275 67.445770 -0.333336 0.248001 0.909606 -63.906712 0.000000 0.000000 0.000000 1.000000
0.849286 -0.084482 0.521129 -9.276020 0.182425 0.973271 -0.139518 67.868187 -0.495413 0.213558 0.841997 -57.855904 0.000000 0.000000 0.000000 1.000000
0.760793 -0.096600 0.641765 -8.567707 0.199040 0.975937 -0.089055 68.213562 -0.617719 0.195489 0.761713 -51.584198 0.000000 0.000000 0.000000 1.000000
0.690236 -0.090148 0.717947 -7.434620 0.213501 0.973408 -0.083036 68.039787 -0.691369 0.210597 0.691128 -45.073429 0.000000 0.000000 0.000000 1.000000
0.668165 -0.070099 0.740704 -6.096536 0.230764 0.965981 -0.116745 67.596443 -0.707322 0.248933 0.661611 -38.190353 0.000000 0.000000 0.000000 1.000000
0.704819 -0.050276 0.707603 -4.837156 0.235445 0.957522 -0.166487 67.054932 -0.669175 0.283945 0.686717 -30.905121 0.000000 0.000000 0.000000 1.000000
0.753829 -0.035155 0.656130 -3.925038 0.228082 0.950477 -0.211119 66.310921 -0.616215 0.308799 0.724515 -23.232866 0.000000 0.000000 0.000000 1.000000
0.775204 -0.032680 0.630865 -3.412473 0.226215 0.946794 -0.228927 65.215584 -0.589818 0.320176 0.741351 -16.174402 0.000000 0.000000 0.000000 1.000000
0.763309 -0.054090 0.643765 -3.441856 0.251651 0.942674 -0.219176 64.635880 -0.595005 0.329303 0.733164 -10.334581 0.000000 0.000000 0.000000 1.000000
0.766236 -0.065328 0.639229 -3.537736 0.261408 0.940466 -0.217233 64.343246 -0.586982 0.333552 0.737696 -4.844244 0.000000 0.000000 0.000000 1.000000
0.802368 -0.057756 0.594028 -3.760715 0.235585 0.945135 -0.226318 64.095192 -0.548366 0.321535 0.771952 -0.117527 0.000000 0.000000 0.000000 1.000000
0.843530 -0.060918 0.533617 -4.025846 0.205914 0.954307 -0.216560 64.074631 -0.496041 0.292554 0.817530 3.964994 0.000000 0.000000 0.000000 1.000000
0.879447 -0.065925 0.471410 -4.031811 0.175153 0.965696 -0.191711 64.216156 -0.442600 0.251168 0.860825 8.226616 0.000000 0.000000 0.000000 1.000000
0.915003 -0.048303 0.400544 -3.991516 0.125638 0.977555 -0.169120 64.619705 -0.383385 0.205068 0.900535 12.811412 0.000000 0.000000 0.000000 1.000000
0.952167 -0.024717 0.304577 -3.893864 0.067884 0.988927 -0.131966 65.460373 -0.297942 0.146330 0.943302 17.878939 0.000000 0.000000 0.000000 1.000000
0.984495 -0.021757 0.174059 -3.663009 0.033971 0.997140 -0.067504 66.804512 -0.172093 0.072371 0.982419 23.348280 0.000000 0.000000 0.000000 1.000000
0.998102 -0.034636 0.050927 -3.587938 0.034569 0.999400 0.002188 67.933281 -0.050972 -0.000423 0.998700 29.369312 0.000000 0.000000 0.000000 1.000000
0.998663 -0.051349 -0.005934 -4.041012 0.051580 0.997439 0.049556 67.963898 0.003375 -0.049796 0.998754 36.311157 0.000000 0.000000 0.000000 1.000000
0.998356 -0.057019 0.005812 -4.926230 0.056518 0.996256 0.065414 67.001648 -0.009520 -0.064978 0.997841 44.090454 0.000000 0.000000 0.000000 1.000000
0.996584 -0.072014 0.040421 -5.867241 0.069653 0.995937 0.057080 65.649719 -0.044367 -0.054069 0.997551 52.019222 0.000000 0.000000 0.000000 1.000000
0.992423 -0.105433 0.063085 -7.158406 0.102760 0.993723 0.044224 63.808739 -0.067352 -0.037406 0.997028 59.928627 0.000000 0.000000 0.000000 1.000000
0.991880 -0.115895 0.052370 -8.512443 0.113881 0.992692 0.039931 62.416420 -0.056615 -0.033642 0.997829 66.098366 0.000000 0.000000 0.000000 1.000000
0.994297 -0.100746 0.034986 -9.293483 0.099427 0.994334 0.037596 61.728214 -0.038575 -0.033903 0.998680 70.575378 0.000000 0.000000 0.000000 1.000000
0.995422 -0.085248 0.043211 -9.737026 0.084682 0.996299 0.014776 61.659695 -0.044310 -0.011049 0.998957 74.288673 0.000000 0.000000 0.000000 1.000000
0.995508 -0.073611 0.059548 -9.934340 0.075103 0.996906 -0.023212 62.203743 -0.057655 0.027580 0.997956 77.240074 0.000000 0.000000 0.000000 1.000000
0.993155 -0.073159 0.091055 -9.721622 0.079588 0.994430 -0.069093 63.355553 -0.085494 0.075867 0.993446 79.305641 0.000000 0.000000 0.000000 1.000000
0.984708 -0.108471 0.136327 -9.392604 0.123281 0.986766 -0.105333 64.997734 -0.123098 0.120529 0.985048 80.957077 0.000000 0.000000 0.000000 1.000000
0.972750 -0.149380 0.177321 -9.293664 0.172253 0.977538 -0.121446 66.955566 -0.155196 0.148680 0.976631 82.389061 0.000000 0.000000 0.000000 1.000000
0.955851 -0.175860 0.235419 -9.414475 0.208362 0.970539 -0.120996 69.139122 -0.207205 0.164707 0.964333 83.839943 0.000000 0.000000 0.000000 1.000000
0.919633 -0.197831 0.339320 -9.670031 0.238570 0.967620 -0.082433 71.200104 -0.312025 0.156759 0.937052 85.359642 0.000000 0.000000 0.000000 1.000000
0.840785 -0.213288 0.497583 -9.837852 0.241743 0.970312 0.007439 72.841545 -0.484397 0.114033 0.867385 86.854599 0.000000 0.000000 0.000000 1.000000
0.679531 -0.236868 0.694356 -9.638427 0.203355 0.970174 0.131946 74.194748 -0.704900 0.051540 0.707432 88.262604 0.000000 0.000000 0.000000 1.000000
0.430828 -0.283257 0.856827 -9.015395 0.127089 0.959044 0.253147 75.213753 -0.893441 -0.000170 0.449182 89.706985 0.000000 0.000000 0.000000 1.000000
0.146921 -0.325235 0.934150 -8.049121 0.035700 0.945527 0.323581 75.702881 -0.988504 -0.014192 0.150528 91.229561 0.000000 0.000000 0.000000 1.000000
-0.116327 -0.349003 0.929873 -6.959352 -0.036455 0.937099 0.347155 75.163963 -0.992542 0.006485 -0.121733 92.596016 0.000000 0.000000 0.000000 1.000000
-0.342597 -0.330641 0.879377 -6.188296 -0.067111 0.942245 0.328132 74.161179 -0.937082 0.053401 -0.345000 93.430466 0.000000 0.000000 0.000000 1.000000
-0.526951 -0.263534 0.808005 -6.066153 -0.064290 0.960347 0.271294 73.755470 -0.847460 0.091012 -0.522999 94.499504 0.000000 0.000000 0.000000 1.000000
-0.646586 -0.196195 0.737180 -6.191373 -0.053778 0.975680 0.212501 73.163116 -0.760943 0.097756 -0.641412 95.490410 0.000000 0.000000 0.000000 1.000000
-0.731557 -0.134112 0.668459 -6.623802 -0.040127 0.987232 0.154151 72.375153 -0.680598 0.085947 -0.727598 96.215057 0.000000 0.000000 0.000000 1.000000
-0.819793 -0.084772 0.566350 -7.145778 -0.037290 0.994786 0.094923 71.389175 -0.571444 0.056698 -0.818680 96.796402 0.000000 0.000000 0.000000 1.000000
-0.887052 -0.056375 0.458214 -7.440462 -0.030545 0.997508 0.063592 70.466782 -0.460657 0.042413 -0.886564 97.219666 0.000000 0.000000 0.000000 1.000000
-0.906207 -0.036492 0.421258 -7.876262 -0.017812 0.998679 0.048195 69.772842 -0.422460 0.036171 -0.905660 97.310852 0.000000 0.000000 0.000000 1.000000
-0.890438 -0.023543 0.454494 -8.565316 -0.005252 0.999126 0.041465 69.297844 -0.455074 0.034535 -0.889784 97.051506 0.000000 0.000000 0.000000 1.000000
-0.857602 -0.007899 0.514254 -9.449670 0.013204 0.999214 0.037369 69.075485 -0.514145 0.038838 -0.856824 96.471024 0.000000 0.000000 0.000000 1.000000
-0.800365 0.014059 0.599349 -10.351880 0.039339 0.998802 0.029103 69.157372 -0.598221 0.046871 -0.799959 95.476303 0.000000 0.000000 0.000000 1.000000
-0.701149 0.030150 0.712377 -11.100420 0.070248 0.997166 0.026938 69.581520 -0.709546 0.068930 -0.701280 94.039978 0.000000 0.000000 0.000000 1.000000
-0.564471 0.038542 0.824553 -11.546102 0.095924 0.995204 0.019149 69.989639 -0.819860 0.089904 -0.565461 92.229080 0.000000 0.000000 0.000000 1.000000
-0.399031 0.045706 0.915798 -11.790874 0.108143 0.994132 -0.002496 70.290901 -0.910538 0.098041 -0.401632 89.940826 0.000000 0.000000 0.000000 1.000000
-0.218845 0.045462 0.974700 -11.978983 0.114736 0.993183 -0.020562 70.933517 -0.968990 0.107334 -0.222570 87.090858 0.000000 0.000000 0.000000 1.000000
-0.033248 0.032363 0.998923 -11.731884 0.121013 0.992253 -0.028120 71.871880 -0.992094 0.119948 -0.036906 83.504982 0.000000 0.000000 0.000000 1.000000
0.172672 0.026483 0.984623 -10.977666 0.110588 0.992797 -0.046097 72.970856 -0.978752 0.116847 0.168500 79.422043 0.000000 0.000000 0.000000 1.000000
0.390752 0.044912 0.919400 -10.024940 0.069671 0.994501 -0.078191 74.251640 -0.917855 0.094609 0.385474 75.619675 0.000000 0.000000 0.000000 1.000000
0.603483 0.071927 0.794125 -8.855590 0.021090 0.994135 -0.106069 75.707535 -0.797097 0.080759 0.598426 72.073837 0.000000 0.000000 0.000000 1.000000
0.782528 0.087944 0.616374 -7.400260 -0.021502 0.993201 -0.114411 76.979904 -0.622245 0.076276 0.779098 68.765144 0.000000 0.000000 0.000000 1.000000
0.896104 0.088620 0.434907 -5.770045 -0.047932 0.993456 -0.103673 77.692024 -0.441248 0.072056 0.894488 66.207756 0.000000 0.000000 0.000000 1.000000
0.965606 0.072520 0.249692 -4.213895 -0.055214 0.995605 -0.075640 77.931984 -0.254080 0.059252 0.965367 64.375954 0.000000 0.000000 0.000000 1.000000
0.997637 0.053427 0.043192 -2.905955 -0.051736 0.997885 -0.039357 77.895317 -0.045204 0.037029 0.998291 63.075027 0.000000 0.000000 0.000000 1.000000
0.986346 0.041006 -0.159499 -1.890912 -0.041553 0.999136 -0.000097 77.674347 0.159357 0.006723 0.987198 62.089691 0.000000 0.000000 0.000000 1.000000
0.942866 0.030254 -0.331795 -1.253248 -0.020456 0.999246 0.032984 77.297256 0.332543 -0.024313 0.942775 61.051510 0.000000 0.000000 0.000000 1.000000
0.883068 0.025257 -0.468564 -0.892361 -0.002543 0.998793 0.049046 76.921234 0.469237 -0.042119 0.882067 59.633041 0.000000 0.000000 0.000000 1.000000
0.816073 0.032506 -0.577034 -0.701270 0.000735 0.998358 0.057279 76.760071 0.577948 -0.047168 0.814709 57.975922 0.000000 0.000000 0.000000 1.000000
0.750528 0.044783 -0.659319 -0.786679 -0.005774 0.998107 0.061222 76.606506 0.660813 -0.042142 0.749367 56.125374 0.000000 0.000000 0.000000 1.000000
0.699720 0.051522 -0.712557 -0.991005 -0.015724 0.998265 0.056740 76.353317 0.714244 -0.028498 0.699317 53.906586 0.000000 0.000000 0.000000 1.000000
0.658691 0.054874 -0.750410 -1.041972 -0.017601 0.998188 0.057543 75.935959 0.752208 -0.024695 0.658463 51.304111 0.000000 0.000000 0.000000 1.000000
0.613217 0.061424 -0.787523 -0.981054 -0.011232 0.997549 0.069060 75.547050 0.789835 -0.033503 0.612404 48.786781 0.000000 0.000000 0.000000 1.000000
0.572780 0.067159 -0.816953 -0.812163 -0.007995 0.997048 0.076359 75.304222 0.819670 -0.037205 0.571626 46.647228 0.000000 0.000000 0.000000 1.000000
0.553305 0.073589 -0.829722 -0.701625 -0.000674 0.996129 0.087899 75.272675 0.832979 -0.048076 0.551212 44.878857 0.000000 0.000000 0.000000 1.000000
0.547931 0.078955 -0.832789 -0.732832 0.014620 0.994480 0.103904 75.438576 0.836396 -0.069108 0.543752 43.422318 0.000000 0.000000 0.000000 1.000000
0.552702 0.078918 -0.829634 -0.757716 0.028056 0.993180 0.113166 75.805336 0.832907 -0.085823 0.546718 42.330318 0.000000 0.000000 0.000000 1.000000
0.565474 0.077416 -0.821125 -0.677877 0.038513 0.992020 0.120051 76.278152 0.823867 -0.099510 0.557980 41.540180 0.000000 0.000000 0.000000 1.000000
0.575757 0.073704 -0.814292 -0.571460 0.052471 0.990545 0.126757 76.753410 0.815935 -0.115708 0.566446 40.916130 0.000000 0.000000 0.000000 1.000000
0.579639 0.068561 -0.811984 -0.486756 0.066743 0.989112 0.131163 77.146103 0.812135 -0.130222 0.568752 40.410339 0.000000 0.000000 0.000000 1.000000
0.582348 0.065907 -0.810264 -0.406936 0.076627 0.987820 0.135423 77.419296 0.809320 -0.140952 0.570205 40.011803 0.000000 0.000000 0.000000 1.000000
0.589197 0.065566 -0.805325 -0.323006 0.081673 0.986764 0.140093 77.605515 0.803851 -0.148316 0.576043 39.705212 0.000000 0.000000 0.000000 1.000000
0.599459 0.066239 -0.797660 -0.242123 0.083133 0.986027 0.144358 77.724976 0.796076 -0.152849 0.585577 39.452370 0.000000 0.000000 0.000000 1.000000
0.609934 0.068182 -0.789513 -0.177083 0.082506 0.985413 0.148840 77.818436 0.788145 -0.155922 0.595412 39.215206 0.000000 0.000000 0.000000 1.000000
0.619597 0.070700 -0.781729 -0.143846 0.081107 0.984837 0.153355 77.919182 0.780718 -0.158422 0.604468 39.004055 0.000000 0.000000 0.000000 1.000000
0.629290 0.072497 -0.773782 -0.136083 0.079847 0.984340 0.157162 78.023788 0.773058 -0.160685 0.613646 38.846825 0.000000 0.000000 0.000000 1.000000
0.638783 0.073199 -0.765897 -0.132435 0.079086 0.983944 0.159998 78.119453 0.765311 -0.162776 0.622738 38.738235 0.000000 0.000000 0.000000 1.000000
0.646943 0.073331 -0.759004 -0.134929 0.078190 0.983739 0.161690 78.202423 0.758519 -0.163951 0.630689 38.651100 0.000000 0.000000 0.000000 1.000000
0.653727 0.072855 -0.753216 -0.147144 0.076742 0.983840 0.161767 78.285255 0.752829 -0.163555 0.637572 38.580849 0.000000 0.000000 0.000000 1.000000
0.659225 0.071087 -0.748578 -0.151559 0.075892 0.984148 0.160290 78.362633 0.748106 -0.162478 0.643380 38.525047 0.000000 0.000000 0.000000 1.000000
0.662738 0.068686 -0.745695 -0.146752 0.075808 0.984515 0.158058 78.435349 0.745005 -0.161281 0.647269 38.481503 0.000000 0.000000 0.000000 1.000000
0.664922 0.066531 -0.743944 -0.145373 0.075596 0.984916 0.155647 78.503494 0.743078 -0.159732 0.649862 38.455952 0.000000 0.000000 0.000000 1.000000
0.666908 0.064117 -0.742376 -0.157635 0.075422 0.985366 0.152859 78.551254 0.741313 -0.157934 0.652313 38.450863 0.000000 0.000000 0.000000 1.000000
0.668127 0.061455 -0.741505 -0.191160 0.075716 0.985794 0.149924 78.582001 0.740185 -0.156313 0.653982 38.459785 0.000000 0.000000 0.000000 1.000000
0.668686 0.059958 -0.741124 -0.238412 0.075700 0.986075 0.148076 78.620918 0.739681 -0.155119 0.654835 38.487049 0.000000 0.000000 0.000000 1.000000
0.669841 0.059322 -0.740131 -0.286260 0.075024 0.986294 0.146951 78.675697 0.738705 -0.153961 0.656210 38.540005 0.000000 0.000000 0.000000 1.000000
0.670951 0.058333 -0.739204 -0.337905 0.074864 0.986478 0.145798 78.723541 0.737713 -0.153163 0.657511 38.606995 0.000000 0.000000 0.000000 1.000000
0.670738 0.057349 -0.739474 -0.402102 0.075412 0.986566 0.144915 78.755203 0.737850 -0.152965 0.657403 38.678951 0.000000 0.000000 0.000000 1.000000</float_array><technique_common><accessor source="#Hips-Matrix-animation-output-transform-array" count="176" stride="16"><param type="float4x4"/></accessor></technique_common></source><source id="Hips-Interpolations"><Name_array id="Hips-Interpolations-array" count="176">
 LINEAR LINEAR LINEAR LINEAR LINEAR LINEAR LINEAR LINEAR LINEAR LINEAR LINEAR
LINEAR LINEAR LINEAR LINEAR LINEAR LINEAR LINEAR LINEAR LINEAR LINEAR LINEAR LINEAR
LINEAR LINEAR LINEAR LINEAR LINEAR LINEAR LINEAR LINEAR LINEAR LINEAR LINEAR LINEAR
LINEAR LINEAR LINEAR LINEAR LINEAR LINEAR LINEAR LINEAR LINEAR LINEAR LINEAR LINEAR
LINEAR LINEAR LINEAR LINEAR LINEAR LINEAR LINEAR LINEAR LINEAR LINEAR LINEAR LINEAR
LINEAR LINEAR LINEAR LINEAR LINEAR LINEAR LINEAR LINEAR LINEAR LINEAR LINEAR LINEAR
LINEAR LINEAR LINEAR LINEAR LINEAR LINEAR LINEAR LINEAR LINEAR LINEAR LINEAR LINEAR
LINEAR LINEAR LINEAR LINEAR LINEAR LINEAR LINEAR LINEAR LINEAR LINEAR LINEAR LINEAR
LINEAR LINEAR LINEAR LINEAR LINEAR LINEAR LINEAR LINEAR LINEAR LINEAR LINEAR LINEAR
LINEAR LINEAR LINEAR LINEAR LINEAR LINEAR LINEAR LINEAR LINEAR LINEAR LINEAR LINEAR
LINEAR LINEAR LINEAR LINEAR LINEAR LINEAR LINEAR LINEAR LINEAR LINEAR LINEAR LINEAR
LINEAR LINEAR LINEAR LINEAR LINEAR LINEAR LINEAR LINEAR LINEAR LINEAR LINEAR LINEAR
LINEAR LINEAR LINEAR LINEAR LINEAR LINEAR LINEAR LINEAR LINEAR LINEAR LINEAR LINEAR
LINEAR LINEAR LINEAR LINEAR LINEAR LINEAR LINEAR LINEAR LINEAR LINEAR LINEAR LINEAR
LINEAR LINEAR LINEAR LINEAR LINEAR LINEAR LINEAR LINEAR LINEAR</Name_array><technique_common><accessor source="#Hips-Interpolations-array" count="176"><param type="name"/></accessor></technique_common></source><sampler id="Hips-Matrix-animation-transform"><input semantic="INPUT" source="#Hips-Matrix-animation-input"/><input semantic="OUTPUT" source="#Hips-Matrix-animation-output-transform"/><input semantic="INTERPOLATION" source="#Hips-Interpolations"/></sampler><channel source="#Hips-Matrix-animation-transform" target="Hips/matrix"/></animation>
    <animation id="Pelvis-anim" name="Pelvis"><source id="Pelvis-Matrix-animation-input"><float_array id="Pelvis-Matrix-animation-input-array" count="176">

0.000000 0.033333 0.066667 0.100000 0.133333 0.166667 0.200000 0.233333 0.266667 0.300000 0.333333 0.366667 0.400000 0.433333 0.466667 0.500000
0.533333 0.566667 0.600000 0.633333 0.666667 0.700000 0.733333 0.766667 0.800000 0.833333 0.866667 0.900000 0.933333 0.966667 1.000000 1.033333
1.066667 1.100000 1.133333 1.166667 1.200000 1.233333 1.266667 1.300000 1.333333 1.366667 1.400000 1.433333 1.466667 1.500000 1.533333 1.566667
1.600000 1.633333 1.666667 1.700000 1.733333 1.766667 1.800000 1.833333 1.866667 1.900000 1.933333 1.966667 2.000000 2.033333 2.066667 2.100000
2.133333 2.166667 2.200000 2.233333 2.266667 2.300000 2.333333 2.366667 2.400000 2.433333 2.466667 2.500000 2.533333 2.566667 2.600000 2.633333
2.666667 2.700000 2.733333 2.766667 2.800000 2.833333 2.866667 2.900000 2.933333 2.966667 3.000000 3.033333 3.066667 3.100000 3.133333 3.166667
3.200000 3.233333 3.266667 3.300000 3.333333 3.366667 3.400000 3.433333 3.466667 3.500000 3.533333 3.566667 3.600000 3.633333 3.666667 3.700000
3.733333 3.766667 3.800000 3.833333 3.866667 3.900000 3.933333 3.966667 4.000000 4.033333 4.066667 4.100000 4.133333 4.166667 4.200000 4.233333
4.266667 4.300000 4.333333 4.366667 4.400000 4.433333 4.466667 4.500000 4.533333 4.566667 4.600000 4.633333 4.666667 4.700000 4.733333 4.766667
4.800000 4.833333 4.866667 4.900000 4.933333 4.966667 5.000000 5.033333 5.066667 5.100000 5.133333 5.166667 5.200000 5.233333 5.266667 5.300000
5.333333 5.366667 5.400000 5.433333 5.466667 5.500000 5.533333 5.566667 5.600000 5.633333 5.666667 5.700000 5.733333 5.766667 5.800000 5.833333</float_array><technique_common><accessor source="#Pelvis-Matrix-animation-input-array" count="176"><param name="TIME" type="float"/></accessor></technique_common></source><source id="Pelvis-Matrix-animation-output-transform"><float_array id="Pelvis-Matrix-animation-output-transform-array" count="2816">

1.000000 0.000000 -0.000000 0.000000 -0.000000 1.000000 0.000000 0.000000 0.000000 0.000000 1.000000 0.000000 0.000000 0.000000 0.000000 1.000000
1.000000 -0.000000 0.000000 0.000000 0.000000 1.000000 0.000000 0.000000 0.000000 -0.000000 1.000000 0.000000 0.000000 0.000000 0.000000 1.000000
1.000000 -0.000000 0.000000 0.000000 0.000000 1.000000 -0.000000 0.000000 -0.000000 0.000000 1.000000 0.000000 0.000000 0.000000 0.000000 1.000000
1.000000 0.000000 -0.000000 0.000000 -0.000000 1.000000 -0.000000 0.000000 -0.000000 0.000000 1.000000 0.000000 0.000000 0.000000 0.000000 1.000000
1.000000 0.000000 0.000000 0.000000 0.000000 1.000000 -0.000000 0.000000 0.000000 0.000000 1.000000 0.000000 0.000000 0.000000 0.000000 1.000000
1.000000 0.000000 0.000000 0.000000 -0.000000 1.000000 -0.000000 0.000000 0.000000 0.000000 1.000000 0.000000 0.000000 0.000000 0.000000 1.000000
1.000000 0.000000 -0.000000 0.000000 0.000000 1.000000 0.000000 0.000000 0.000000 0.000000 1.000000 0.000000 0.000000 0.000000 0.000000 1.000000
1.000000 0.000000 -0.000000 0.000000 0.000000 1.000000 0.000000 0.000000 0.000000 0.000000 1.000000 0.000000 0.000000 0.000000 0.000000 1.000000
1.000000 0.000000 -0.000000 0.000000 0.000000 1.000000 0.000000 0.000000 0.000000 0.000000 1.000000 0.000000 0.000000 0.000000 0.000000 1.000000
1.000000 -0.000000 -0.000000 0.000000 0.000000 1.000000 0.000000 0.000000 -0.000000 0.000000 1.000000 0.000000 0.000000 0.000000 0.000000 1.000000
1.000000 0.000000 0.000000 0.000000 -0.000000 1.000000 -0.000000 0.000000 0.000000 0.000000 1.000000 0.000000 0.000000 0.000000 0.000000 1.000000
1.000000 -0.000000 0.000000 0.000000 0.000000 1.000000 0.000000 0.000000 0.000000 -0.000000 1.000000 0.000000 0.000000 0.000000 0.000000 1.000000
1.000000 0.000000 0.000000 0.000000 0.000000 1.000000 0.000000 0.000000 -0.000000 0.000000 1.000000 0.000000 0.000000 0.000000 0.000000 1.000000
1.000000 0.000000 0.000000 0.000000 0.000000 1.000000 0.000000 0.000000 0.000000 0.000000 1.000000 0.000000 0.000000 0.000000 0.000000 1.000000
1.000000 0.000000 0.000000 0.000000 -0.000000 1.000000 0.000000 0.000000 0.000000 0.000000 1.000000 0.000000 0.000000 0.000000 0.000000 1.000000
1.000000 -0.000000 0.000000 0.000000 0.000000 1.000000 -0.000000 0.000000 0.000000 -0.000000 1.000000 0.000000 0.000000 0.000000 0.000000 1.000000
1.000000 -0.000000 0.000000 0.000000 0.000000 1.000000 0.000000 0.000000 0.000000 0.000000 1.000000 0.000000 0.000000 0.000000 0.000000 1.000000
1.000000 0.000000 -0.000000 0.000000 0.000000 1.000000 0.000000 0.000000 0.000000 0.000000 1.000000 0.000000 0.000000 0.000000 0.000000 1.000000
1.000000 -0.000000 0.000000 0.000000 0.000000 1.000000 -0.000000 0.000000 0.000000 0.000000 1.000000 0.000000 0.000000 0.000000 0.000000 1.000000
1.000000 0.000000 0.000000 0.000000 -0.000000 1.000000 0.000000 0.000000 0.000000 -0.000000 1.000000 0.000000 0.000000 0.000000 0.000000 1.000000
1.000000 -0.000000 0.000000 0.000000 -0.000000 1.000000 0.000000 0.000000 -0.000000 -0.000000 1.000000 0.000000 0.000000 0.000000 0.000000 1.000000
1.000000 0.000000 0.000000 0.000000 -0.000000 1.000000 -0.000000 0.000000 0.000000 0.000000 1.000000 0.000000 0.000000 0.000000 0.000000 1.000000
1.000000 0.000000 0.000000 0.000000 -0.000000 1.000000 -0.000000 0.000000 0.000000 -0.000000 1.000000 0.000000 0.000000 0.000000 0.000000 1.000000
1.000000 -0.000000 0.000000 0.000000 0.000000 1.000000 0.000000 0.000000 -0.000000 -0.000000 1.000000 0.000000 0.000000 0.000000 0.000000 1.000000
1.000000 -0.000000 0.000000 0.000000 -0.000000 1.000000 0.000000 0.000000 0.000000 -0.000000 1.000000 0.000000 0.000000 0.000000 0.000000 1.000000
1.000000 0.000000 0.000000 0.000000 0.000000 1.000000 -0.000000 0.000000 0.000000 0.000000 1.000000 0.000000 0.000000 0.000000 0.000000 1.000000
1.000000 -0.000000 0.000000 0.000000 0.000000 1.000000 -0.000000 0.000000 -0.000000 -0.000000 1.000000 0.000000 0.000000 0.000000 0.000000 1.000000
1.000000 -0.000000 0.000000 0.000000 0.000000 1.000000 -0.000000 0.000000 -0.000000 0.000000 1.000000 0.000000 0.000000 0.000000 0.000000 1.000000
1.000000 0.000000 0.000000 0.000000 -0.000000 1.000000 -0.000000 0.000000 0.000000 -0.000000 1.000000 0.000000 0.000000 0.000000 0.000000 1.000000
1.000000 -0.000000 -0.000000 0.000000 0.000000 1.000000 0.000000 0.000000 0.000000 0.000000 1.000000 0.000000 0.000000 0.000000 0.000000 1.000000
1.000000 -0.000000 0.000000 0.000000 0.000000 1.000000 -0.000000 0.000000 0.000000 0.000000 1.000000 0.000000 0.000000 0.000000 0.000000 1.000000
1.000000 0.000000 -0.000000 0.000000 0.000000 1.000000 -0.000000 0.000000 0.000000 -0.000000 1.000000 0.000000 0.000000 0.000000 0.000000 1.000000
1.000000 0.000000 0.000000 0.000000 0.000000 1.000000 -0.000000 0.000000 0.000000 0.000000 1.000000 0.000000 0.000000 0.000000 0.000000 1.000000
1.000000 0.000000 0.000000 0.000000 -0.000000 1.000000 0.000000 0.000000 0.000000 -0.000000 1.000000 0.000000 0.000000 0.000000 0.000000 1.000000
1.000000 0.000000 0.000000 0.000000 -0.000000 1.000000 0.000000 0.000000 -0.000000 0.000000 1.000000 0.000000 0.000000 0.000000 0.000000 1.000000
1.000000 0.000000 0.000000 0.000000 -0.000000 1.000000 0.000000 0.000000 -0.000000 0.000000 1.000000 0.000000 0.000000 0.000000 0.000000 1.000000
1.000000 -0.000000 -0.000000 0.000000 -0.000000 1.000000 0.000000 0.000000 0.000000 0.000000 1.000000 0.000000 0.000000 0.000000 0.000000 1.000000
1.000000 0.000000 0.000000 0.000000 0.000000 1.000000 0.000000 0.000000 0.000000 0.000000 1.000000 0.000000 0.000000 0.000000 0.000000 1.000000
1.000000 0.000000 0.000000 0.000000 0.000000 1.000000 -0.000000 0.000000 -0.000000 -0.000000 1.000000 0.000000 0.000000 0.000000 0.000000 1.000000
1.000000 -0.000000 -0.000000 0.000000 -0.000000 1.000000 -0.000000 0.000000 0.000000 -0.000000 1.000000 0.000000 0.000000 0.000000 0.000000 1.000000
1.000000 -0.000000 0.000000 0.000000 0.000000 1.000000 0.000000 0.000000 0.000000 0.000000 1.000000 0.000000 0.000000 0.000000 0.000000 1.000000
1.000000 0.000000 0.000000 0.000000 0.000000 1.000000 -0.000000 0.000000 -0.000000 0.000000 1.000000 0.000000 0.000000 0.000000 0.000000 1.000000
1.000000 -0.000000 -0.000000 0.000000 -0.000000 1.000000 0.000000 0.000000 0.000000 0.000000 1.000000 0.000000 0.000000 0.000000 0.000000 1.000000
1.000000 0.000000 0.000000 0.000000 -0.000000 1.000000 0.000000 0.000000 -0.000000 -0.000000 1.000000 0.000000 0.000000 0.000000 0.000000 1.000000
1.000000 -0.000000 0.000000 0.000000 0.000000 1.000000 0.000000 0.000000 -0.000000 -0.000000 1.000000 0.000000 0.000000 0.000000 0.000000 1.000000
1.000000 0.000000 0.000000 0.000000 0.000000 1.000000 0.000000 0.000000 -0.000000 0.000000 1.000000 0.000000 0.000000 0.000000 0.000000 1.000000
1.000000 -0.000000 -0.000000 0.000000 0.000000 1.000000 -0.000000 0.000000 -0.000000 0.000000 1.000000 0.000000 0.000000 0.000000 0.000000 1.000000
