<?xml version="1.0" encoding="utf-8"?>
<COLLADA xmlns="http://www.collada.org/2005/11/COLLADASchema" version="1.4.1">
  <asset><contributor><author>Mixamo</author><authoring_tool>COLLADA Mixamo exporter</authoring_tool><comments></comments></contributor><created>2017-03-27T20:52:51Z</created><modified>2017-03-27T20:52:51Z</modified><revision></revision><title></title><unit meter="0.010000"/><up_axis>Y_UP</up_axis></asset>
  <library_animations>
    <animation id="Hips-anim" name="Hips"><source id="Hips-Matrix-animation-input"><float_array id="Hips-Matrix-animation-input-array" count="372">

0.000000 0.033333 0.066667 0.100000 0.133333 0.166667 0.200000 0.233333 0.266667 0.300000 0.333333 0.366667 0.400000 0.433333 0.466667 0.500000
0.533333 0.566667 0.600000 0.633333 0.666667 0.700000 0.733333 0.766667 0.800000 0.833333 0.866667 0.900000 0.933333 0.966667 1.000000 1.033333
1.066667 1.100000 1.133333 1.166667 1.200000 1.233333 1.266667 1.300000 1.333333 1.366667 1.400000 1.433333 1.466667 1.500000 1.533333 1.566667
1.600000 1.633333 1.666667 1.700000 1.733333 1.766667 1.800000 1.833333 1.866667 1.900000 1.933333 1.966667 2.000000 2.033333 2.066667 2.100000
2.133333 2.166667 2.200000 2.233333 2.266667 2.300000 2.333333 2.366667 2.400000 2.433333 2.466667 2.500000 2.533333 2.566667 2.600000 2.633333
2.666667 2.700000 2.733333 2.766667 2.800000 2.833333 2.866667 2.900000 2.933333 2.966667 3.000000 3.033333 3.066667 3.100000 3.133333 3.166667
3.200000 3.233333 3.266667 3.300000 3.333333 3.366667 3.400000 3.433333 3.466667 3.500000 3.533333 3.566667 3.600000 3.633333 3.666667 3.700000
3.733333 3.766667 3.800000 3.833333 3.866667 3.900000 3.933333 3.966667 4.000000 4.033333 4.066667 4.100000 4.133333 4.166667 4.200000 4.233333
4.266667 4.300000 4.333333 4.366667 4.400000 4.433333 4.466667 4.500000 4.533333 4.566667 4.600000 4.633333 4.666667 4.700000 4.733333 4.766667
4.800000 4.833333 4.866667 4.900000 4.933333 4.966667 5.000000 5.033333 5.066667 5.100000 5.133333 5.166667 5.200000 5.233333 5.266667 5.300000
5.333333 5.366667 5.400000 5.433333 5.466667 5.500000 5.533333 5.566667 5.600000 5.633333 5.666667 5.700000 5.733333 5.766667 5.800000 5.833333
5.866667 5.900000 5.933333 5.966667 6.000000 6.033333 6.066667 6.100000 6.133333 6.166667 6.200000 6.233333 6.266667 6.300000 6.333333 6.366667
6.400000 6.433333 6.466667 6.500000 6.533333 6.566667 6.600000 6.633333 6.666667 6.700000 6.733333 6.766667 6.800000 6.833333 6.866667 6.900000
6.933333 6.966667 7.000000 7.033333 7.066667 7.100000 7.133333 7.166667 7.200000 7.233333 7.266667 7.300000 7.333333 7.366667 7.400000 7.433333
7.466667 7.500000 7.533333 7.566667 7.600000 7.633333 7.666667 7.700000 7.733333 7.766667 7.800000 7.833333 7.866667 7.900000 7.933333 7.966667
8.000000 8.033333 8.066667 8.100000 8.133333 8.166667 8.200000 8.233333 8.266667 8.300000 8.333333 8.366667 8.400000 8.433333 8.466667 8.500000
8.533333 8.566667 8.600000 8.633333 8.666667 8.700000 8.733333 8.766667 8.800000 8.833333 8.866667 8.900000 8.933333 8.966667 9.000000 9.033333
9.066667 9.100000 9.133333 9.166667 9.200000 9.233333 9.266667 9.300000 9.333333 9.366667 9.400000 9.433333 9.466667 9.500000 9.533333 9.566667
9.600000 9.633333 9.666667 9.700000 9.733333 9.766667 9.800000 9.833333 9.866667 9.900000 9.933333 9.966667 10.000000 10.033333 10.066667 10.100000
10.133333 10.166667 10.200000 10.233333 10.266667 10.300000 10.333333 10.366667 10.400000 10.433333 10.466667 10.500000 10.533333 10.566667 10.600000 10.633333
10.666667 10.700000 10.733333 10.766667 10.800000 10.833333 10.866667 10.900000 10.933333 10.966667 11.000000 11.033333 11.066667 11.100000 11.133333 11.166667
11.200000 11.233333 11.266667 11.300000 11.333333 11.366667 11.400000 11.433333 11.466667 11.500000 11.533333 11.566667 11.600000 11.633333 11.666667 11.700000
11.733333 11.766667 11.800000 11.833333 11.866667 11.900000 11.933333 11.966667 12.000000 12.033333 12.066667 12.100000 12.133333 12.166667 12.200000 12.233333
12.266667 12.300000 12.333333 12.366667</float_array><technique_common><accessor source="#Hips-Matrix-animation-input-array" count="372"><param name="TIME" type="float"/></accessor></technique_common></source><source id="Hips-Matrix-animation-output-transform"><float_array id="Hips-Matrix-animation-output-transform-array" count="5952">

0.993987 0.060827 -0.091044 0.017848 -0.055001 0.996356 0.065190 82.446053 0.094678 -0.059791 0.993711 0.245469 0.000000 0.000000 0.000000 1.000000
0.995129 0.047767 -0.086235 -0.164092 -0.042371 0.997091 0.063356 82.257965 0.089011 -0.059393 0.994258 0.350119 0.000000 0.000000 0.000000 1.000000
0.996114 0.034535 -0.081025 -0.357745 -0.029526 0.997625 0.062226 82.078369 0.082982 -0.059592 0.994768 0.471167 0.000000 0.000000 0.000000 1.000000
0.996910 0.020592 -0.075808 -0.562958 -0.015921 0.997967 0.061719 81.891914 0.076924 -0.060321 0.995211 0.605555 0.000000 0.000000 0.000000 1.000000
0.997459 0.005612 -0.071015 -0.777078 -0.001223 0.998095 0.061690 81.698074 0.071226 -0.061446 0.995566 0.746890 0.000000 0.000000 0.000000 1.000000
0.997704 -0.009954 -0.066993 -1.008194 0.014121 0.997975 0.062014 81.505104 0.066240 -0.062817 0.995824 0.891078 0.000000 0.000000 0.000000 1.000000
0.997638 -0.024486 -0.064178 -1.276785 0.028519 0.997625 0.062702 81.310020 0.062491 -0.064384 0.995967 1.052866 0.000000 0.000000 0.000000 1.000000
0.997278 -0.037305 -0.063597 -1.596325 0.041372 0.997099 0.063887 81.100891 0.061029 -0.066344 0.995929 1.258098 0.000000 0.000000 0.000000 1.000000
0.996425 -0.051354 -0.067076 -1.954773 0.055751 0.996300 0.065405 80.871826 0.063469 -0.068911 0.995602 1.484396 0.000000 0.000000 0.000000 1.000000
0.994549 -0.071310 -0.076068 -2.354243 0.076354 0.994920 0.065603 80.656158 0.071003 -0.071054 0.994942 1.592240 0.000000 0.000000 0.000000 1.000000
0.991653 -0.094387 -0.087836 -2.873966 0.099897 0.993151 0.060597 80.453003 0.081515 -0.068866 0.994290 1.347500 0.000000 0.000000 0.000000 1.000000
0.990197 -0.106175 -0.090755 -3.668982 0.110748 0.992741 0.046914 80.106873 0.085115 -0.056505 0.994768 0.572985 0.000000 0.000000 0.000000 1.000000
0.993980 -0.088454 -0.064650 -4.794408 0.090250 0.995595 0.025397 79.345619 0.062119 -0.031079 0.997585 -0.668319 0.000000 0.000000 0.000000 1.000000
0.999202 -0.039398 0.006583 -6.021483 0.039405 0.999223 -0.001061 78.017998 -0.006536 0.001319 0.999978 -2.016991 0.000000 0.000000 0.000000 1.000000
0.993173 0.015177 0.115663 -6.990393 -0.011866 0.999501 -0.029263 76.632965 -0.116050 0.027691 0.992857 -3.104410 0.000000 0.000000 0.000000 1.000000
0.972581 0.048079 0.227539 -7.661587 -0.037150 0.997952 -0.052078 76.195290 -0.229577 0.042197 0.972375 -3.952312 0.000000 0.000000 0.000000 1.000000
0.952602 0.058471 0.298548 -8.054064 -0.040691 0.997027 -0.065432 76.981102 -0.301487 0.050182 0.952149 -4.598404 0.000000 0.000000 0.000000 1.000000
0.949459 0.059191 0.308261 -8.209527 -0.037711 0.996457 -0.075181 78.662094 -0.311618 0.059757 0.948326 -5.052178 0.000000 0.000000 0.000000 1.000000
0.961866 0.057767 0.267353 -7.986910 -0.035776 0.995617 -0.086412 80.583359 -0.271173 0.073552 0.959716 -5.279021 0.000000 0.000000 0.000000 1.000000
0.977604 0.049900 0.204453 -7.261383 -0.030698 0.994904 -0.096039 82.221329 -0.208204 0.087612 0.974154 -5.316997 0.000000 0.000000 0.000000 1.000000
0.988707 0.027385 0.147339 -6.084031 -0.013012 0.995136 -0.097649 83.027313 -0.149297 0.094629 0.984254 -5.273334 0.000000 0.000000 0.000000 1.000000
0.993958 0.001019 0.109752 -4.621736 0.008476 0.996258 -0.086011 83.119392 -0.109429 0.086422 0.990231 -4.898716 0.000000 0.000000 0.000000 1.000000
0.995464 -0.017003 0.093603 -3.029110 0.022908 0.997790 -0.062377 82.428726 -0.092336 0.064239 0.993654 -4.185944 0.000000 0.000000 0.000000 1.000000
0.995728 -0.021773 0.089728 -1.431841 0.025328 0.998931 -0.038675 81.232040 -0.088790 0.040782 0.995215 -3.104768 0.000000 0.000000 0.000000 1.000000
0.996791 -0.031707 0.073501 0.068355 0.033915 0.999004 -0.028994 79.579041 -0.072508 0.031394 0.996874 -2.017330 0.000000 0.000000 0.000000 1.000000
0.997889 -0.063945 0.011365 1.386240 0.064314 0.997291 -0.035700 77.679070 -0.009051 0.036356 0.999298 -1.452628 0.000000 0.000000 0.000000 1.000000
0.988279 -0.108989 -0.106890 2.424335 0.104016 0.993264 -0.051062 75.581566 0.111735 0.039345 0.992959 -1.619441 0.000000 0.000000 0.000000 1.000000
0.961342 -0.136313 -0.239251 2.978183 0.124749 0.990192 -0.062902 73.473236 0.245478 0.030624 0.968918 -2.335483 0.000000 0.000000 0.000000 1.000000
0.939088 -0.125306 -0.320020 2.983315 0.111806 0.991899 -0.060294 72.268898 0.324983 0.020841 0.945490 -3.277574 0.000000 0.000000 0.000000 1.000000
0.945868 -0.083682 -0.313579 2.533901 0.071726 0.996196 -0.049494 72.152458 0.316527 0.024323 0.948271 -4.086016 0.000000 0.000000 0.000000 1.000000
0.970138 -0.035445 -0.239951 1.541244 0.024613 0.998545 -0.047990 72.794167 0.241303 0.040651 0.969598 -4.462834 0.000000 0.000000 0.000000 1.000000
0.987294 0.005559 -0.158810 -0.147776 -0.014944 0.998207 -0.057964 73.995163 0.158203 0.059601 0.985606 -4.386066 0.000000 0.000000 0.000000 1.000000
0.992444 0.042092 -0.115249 -2.482311 -0.050397 0.996265 -0.070118 75.666466 0.111867 0.075396 0.990859 -4.132849 0.000000 0.000000 0.000000 1.000000
0.991641 0.077138 -0.103427 -5.151484 -0.085930 0.992801 -0.083436 77.611328 0.096246 0.091626 0.991131 -3.924025 0.000000 0.000000 0.000000 1.000000
0.990296 0.105227 -0.090780 -7.634154 -0.114609 0.987823 -0.105216 79.196266 0.078603 0.114599 0.990297 -3.725208 0.000000 0.000000 0.000000 1.000000
0.992011 0.112070 -0.057918 -9.866972 -0.119094 0.983387 -0.136989 80.101799 0.041603 0.142792 0.988878 -3.244209 0.000000 0.000000 0.000000 1.000000
0.995067 0.098663 -0.010311 -11.851068 -0.099012 0.981409 -0.164420 80.024284 -0.006103 0.164630 0.986337 -2.247100 0.000000 0.000000 0.000000 1.000000
0.995630 0.084825 0.039070 -13.566814 -0.077140 0.982775 -0.167938 79.076050 -0.052642 0.164191 0.985023 -0.832264 0.000000 0.000000 0.000000 1.000000
0.992479 0.087045 0.086070 -15.101156 -0.074412 0.987291 -0.140422 77.606491 -0.097199 0.132961 0.986344 0.537774 0.000000 0.000000 0.000000 1.000000
0.986181 0.102892 0.129850 -16.582628 -0.091230 0.991498 -0.092783 75.814987 -0.138292 0.079654 0.987183 1.287177 0.000000 0.000000 0.000000 1.000000
0.979992 0.111465 0.164898 -17.927834 -0.105104 0.993358 -0.046838 74.247795 -0.169024 0.028570 0.985198 1.228004 0.000000 0.000000 0.000000 1.000000
0.977977 0.099559 0.183436 -18.894243 -0.097258 0.995026 -0.021523 73.355194 -0.184667 0.003209 0.982796 0.702402 0.000000 0.000000 0.000000 1.000000
0.979666 0.076989 0.185275 -19.346436 -0.073903 0.996988 -0.023515 73.430565 -0.186528 0.009345 0.982405 0.083232 0.000000 0.000000 0.000000 1.000000
0.981497 0.065736 0.179841 -19.258448 -0.058449 0.997252 -0.045530 74.407928 -0.182339 0.034176 0.982641 -0.463887 0.000000 0.000000 0.000000 1.000000
0.981893 0.070681 0.175755 -18.656393 -0.058106 0.995436 -0.075697 76.019760 -0.180303 0.064114 0.981519 -0.935882 0.000000 0.000000 0.000000 1.000000
0.982411 0.073528 0.171646 -17.665585 -0.055185 0.992476 -0.109297 77.974747 -0.178391 0.097903 0.979077 -1.408110 0.000000 0.000000 0.000000 1.000000
0.985646 0.058331 0.158429 -16.341837 -0.035103 0.988714 -0.145643 79.920609 -0.165136 0.137991 0.976570 -1.846991 0.000000 0.000000 0.000000 1.000000
0.990710 0.029607 0.132730 -14.630358 -0.005541 0.983990 -0.178136 81.419571 -0.135879 0.175746 0.975013 -2.096766 0.000000 0.000000 0.000000 1.000000
0.994341 0.005060 0.106114 -12.602849 0.015633 0.981020 -0.193273 82.063522 -0.105078 0.193838 0.975390 -1.980598 0.000000 0.000000 0.000000 1.000000
0.996067 -0.000051 0.088605 -10.293430 0.016324 0.982988 -0.182945 82.089455 -0.087088 0.183672 0.979122 -1.369775 0.000000 0.000000 0.000000 1.000000
0.997203 -0.000162 0.074741 -8.053450 0.011767 0.987867 -0.154855 81.559631 -0.073809 0.155302 0.985106 -0.266928 0.000000 0.000000 0.000000 1.000000
0.998794 -0.021211 0.044283 -6.156270 0.026468 0.992212 -0.121716 80.572006 -0.041357 0.122741 0.991577 1.089897 0.000000 0.000000 0.000000 1.000000
0.998281 -0.058155 -0.007305 -4.625733 0.057274 0.994365 -0.089206 79.281418 0.012452 0.088634 0.995986 2.143016 0.000000 0.000000 0.000000 1.000000
0.994807 -0.092913 -0.041553 -3.706032 0.090433 0.994210 -0.058034 77.916550 0.046704 0.053975 0.997449 2.309716 0.000000 0.000000 0.000000 1.000000
0.994676 -0.101907 -0.015289 -3.270675 0.101412 0.994384 -0.030259 76.665588 0.018287 0.028547 0.999425 1.684842 0.000000 0.000000 0.000000 1.000000
0.994700 -0.076603 0.068577 -2.802654 0.078139 0.996742 -0.019992 75.405853 -0.066823 0.025245 0.997445 0.886730 0.000000 0.000000 0.000000 1.000000
0.986584 -0.046653 0.156445 -2.388356 0.053019 0.997916 -0.036766 74.823471 -0.154404 0.044567 0.987002 0.198081 0.000000 0.000000 0.000000 1.000000
0.981131 -0.033423 0.190433 -2.094740 0.046292 0.996905 -0.063537 74.956177 -0.187720 0.071154 0.979642 -0.448969 0.000000 0.000000 0.000000 1.000000
0.986709 -0.039078 0.157729 -1.711231 0.052544 0.995236 -0.082128 75.732658 -0.153768 0.089324 0.984061 -1.075204 0.000000 0.000000 0.000000 1.000000
0.994049 -0.056627 0.093058 -0.970436 0.065475 0.993327 -0.094947 77.170425 -0.087060 0.100475 0.991123 -1.576324 0.000000 0.000000 0.000000 1.000000
0.996038 -0.079181 0.040490 0.234828 0.083223 0.990385 -0.110505 79.131699 -0.031351 0.113437 0.993050 -1.814456 0.000000 0.000000 0.000000 1.000000
0.994711 -0.101400 0.016366 1.814697 0.102652 0.986878 -0.124640 81.092804 -0.003512 0.125661 0.992067 -1.667922 0.000000 0.000000 0.000000 1.000000
0.993290 -0.115380 0.007863 3.485362 0.115458 0.985473 -0.124550 82.510216 0.006622 0.124622 0.992182 -1.072885 0.000000 0.000000 0.000000 1.000000
0.993540 -0.113347 -0.005543 4.983953 0.112128 0.988031 -0.105931 83.239105 0.017483 0.104625 0.994358 -0.131888 0.000000 0.000000 0.000000 1.000000
0.994383 -0.099619 -0.035747 6.229900 0.096610 0.992273 -0.077846 83.238518 0.043225 0.073956 0.996324 0.867930 0.000000 0.000000 0.000000 1.000000
0.991616 -0.096177 -0.086305 7.325615 0.091705 0.994301 -0.054373 82.355209 0.091042 0.046003 0.994784 1.486401 0.000000 0.000000 0.000000 1.000000
0.981193 -0.110922 -0.157977 8.406504 0.104718 0.993386 -0.047096 80.803368 0.162156 0.029668 0.986319 1.404126 0.000000 0.000000 0.000000 1.000000
0.961382 -0.134938 -0.239869 9.435108 0.124056 0.990461 -0.059974 78.491180 0.245674 0.027901 0.968951 0.620516 0.000000 0.000000 0.000000 1.000000
0.940262 -0.144821 -0.308113 10.110598 0.124841 0.988639 -0.083709 75.915787 0.316735 0.040244 0.947660 -0.561626 0.000000 0.000000 0.000000 1.000000
0.931682 -0.126927 -0.340380 10.347580 0.097632 0.989989 -0.101928 73.906586 0.349910 0.061732 0.934747 -1.768731 0.000000 0.000000 0.000000 1.000000
0.939591 -0.089749 -0.330323 10.216151 0.056709 0.992493 -0.108356 72.836800 0.337569 0.083078 0.937628 -2.689707 0.000000 0.000000 0.000000 1.000000
0.954626 -0.052456 -0.293150 9.637887 0.021338 0.993883 -0.108357 72.754608 0.297041 0.097185 0.949906 -3.155942 0.000000 0.000000 0.000000 1.000000
0.966443 -0.023357 -0.255817 8.496758 -0.004882 0.994008 -0.109200 73.788773 0.256835 0.106785 0.960538 -3.213088 0.000000 0.000000 0.000000 1.000000
0.972405 0.002256 -0.233288 6.825354 -0.030526 0.992587 -0.117641 75.886803 0.231294 0.121516 0.965265 -3.062645 0.000000 0.000000 0.000000 1.000000
0.975724 0.027000 -0.217333 4.762905 -0.057933 0.988841 -0.137247 78.580856 0.211202 0.146506 0.966400 -2.885062 0.000000 0.000000 0.000000 1.000000
0.980392 0.046114 -0.191584 2.534715 -0.078000 0.983640 -0.162385 80.926086 0.180962 0.174145 0.967950 -2.706256 0.000000 0.000000 0.000000 1.000000
0.986940 0.052987 -0.152125 0.414614 -0.080095 0.980762 -0.178017 82.211708 0.139766 0.187876 0.972197 -2.332386 0.000000 0.000000 0.000000 1.000000
0.993538 0.040991 -0.105836 -1.700689 -0.058847 0.983417 -0.171545 82.634460 0.097049 0.176665 0.979475 -1.528618 0.000000 0.000000 0.000000 1.000000
0.997616 0.022619 -0.065201 -3.648573 -0.031926 0.988852 -0.145439 82.460411 0.061184 0.147174 0.987217 -0.355162 0.000000 0.000000 0.000000 1.000000
0.999246 0.019882 -0.033353 -5.348361 -0.023544 0.993287 -0.113251 82.029037 0.030877 0.113951 0.993006 0.741306 0.000000 0.000000 0.000000 1.000000
0.999378 0.035251 0.000044 -7.319097 -0.035118 0.995725 -0.085428 80.573105 -0.003056 0.085374 0.996344 1.297751 0.000000 0.000000 0.000000 1.000000
0.997438 0.057926 0.041983 -9.308330 -0.055043 0.996244 -0.066848 78.738968 -0.045697 0.064366 0.996880 1.041505 0.000000 0.000000 0.000000 1.000000
0.993648 0.070053 0.088067 -10.927111 -0.064962 0.996118 -0.059407 76.713264 -0.091887 0.053309 0.994341 0.275651 0.000000 0.000000 0.000000 1.000000
0.990226 0.058959 0.126401 -11.968256 -0.051773 0.996890 -0.059405 74.986481 -0.129510 0.052281 0.990199 -0.506165 0.000000 0.000000 0.000000 1.000000
0.988032 0.035181 0.150184 -12.391255 -0.026360 0.997831 -0.060327 73.978691 -0.151980 0.055646 0.986816 -1.095564 0.000000 0.000000 0.000000 1.000000
0.986489 0.013292 0.163290 -12.142465 -0.003221 0.998084 -0.061785 73.945648 -0.163798 0.060424 0.984642 -1.535338 0.000000 0.000000 0.000000 1.000000
0.984802 -0.005143 0.173602 -11.214218 0.018151 0.997135 -0.073427 75.034447 -0.172727 0.075462 0.982075 -1.937608 0.000000 0.000000 0.000000 1.000000
0.983182 -0.026152 0.180749 -9.662191 0.045914 0.993302 -0.106034 77.017166 -0.176765 0.112549 0.977797 -2.357428 0.000000 0.000000 0.000000 1.000000
0.983706 -0.049641 0.172794 -7.554406 0.077303 0.984530 -0.157242 79.302834 -0.162315 0.168037 0.972326 -2.786650 0.000000 0.000000 0.000000 1.000000
0.987544 -0.071116 0.140354 -5.272368 0.099713 0.972897 -0.208636 80.879402 -0.121712 0.220032 0.967870 -3.096685 0.000000 0.000000 0.000000 1.000000
0.993079 -0.077798 0.087986 -2.908225 0.096719 0.966716 -0.236866 81.524872 -0.066629 0.243736 0.967550 -3.054409 0.000000 0.000000 0.000000 1.000000
0.997234 -0.066691 0.032825 -0.529260 0.072476 0.970447 -0.230174 81.456779 -0.016504 0.231916 0.972596 -2.455163 0.000000 0.000000 0.000000 1.000000
0.998399 -0.055015 -0.013163 1.740534 0.051332 0.978894 -0.197815 80.942841 0.023768 0.196822 0.980151 -1.337063 0.000000 0.000000 0.000000 1.000000
0.995911 -0.068437 -0.058976 3.815268 0.058228 0.985371 -0.160168 80.034256 0.069075 0.156079 0.985326 -0.139476 0.000000 0.000000 0.000000 1.000000
0.986377 -0.109819 -0.122477 5.685933 0.093315 0.986687 -0.133195 78.488815 0.135474 0.119951 0.983493 0.494897 0.000000 0.000000 0.000000 1.000000
0.968360 -0.149466 -0.199847 7.217517 0.126673 0.984363 -0.122410 76.722008 0.215018 0.093221 0.972151 0.234529 0.000000 0.000000 0.000000 1.000000
0.951285 -0.163073 -0.261655 8.109202 0.135802 0.983533 -0.119248 75.022644 0.276793 0.077906 0.957766 -0.572187 0.000000 0.000000 0.000000 1.000000
0.948679 -0.140786 -0.283175 8.431077 0.113046 0.987245 -0.112104 73.953934 0.295346 0.074339 0.952494 -1.376975 0.000000 0.000000 0.000000 1.000000
0.959364 -0.100837 -0.263540 8.234868 0.076343 0.991891 -0.101610 73.696030 0.271649 0.077362 0.959282 -1.894789 0.000000 0.000000 0.000000 1.000000
0.973334 -0.064168 -0.220236 7.402884 0.043798 0.994401 -0.096165 74.242455 0.225174 0.083955 0.970695 -2.099778 0.000000 0.000000 0.000000 1.000000
0.985130 -0.032675 -0.168674 5.871312 0.015249 0.994503 -0.103592 75.558456 0.171132 0.099480 0.980213 -2.128537 0.000000 0.000000 0.000000 1.000000
0.993850 0.004338 -0.110650 3.802406 -0.018341 0.991880 -0.125849 77.451241 0.109205 0.127104 0.985859 -2.127658 0.000000 0.000000 0.000000 1.000000
0.997815 0.048579 -0.044771 1.546369 -0.054914 0.986653 -0.153296 79.360847 0.036726 0.155420 0.987166 -2.042412 0.000000 0.000000 0.000000 1.000000
0.996534 0.080285 0.021779 -0.774004 -0.075508 0.982863 -0.168165 80.817009 -0.034907 0.165938 0.985518 -1.537225 0.000000 0.000000 0.000000 1.000000
0.993564 0.083199 0.076866 -3.085979 -0.070113 0.984696 -0.159556 81.576904 -0.088964 0.153140 0.984192 -0.390145 0.000000 0.000000 0.000000 1.000000
0.990533 0.071449 0.117217 -5.249945 -0.055362 0.989274 -0.135176 81.556389 -0.125618 0.127407 0.983864 1.229730 0.000000 0.000000 0.000000 1.000000
0.985786 0.077076 0.149285 -7.106979 -0.060560 0.991840 -0.112189 81.038132 -0.156713 0.101554 0.982409 2.671935 0.000000 0.000000 0.000000 1.000000
0.979565 0.102988 0.172758 -8.801394 -0.086552 0.991202 -0.100131 79.860542 -0.181550 0.083133 0.979861 3.404160 0.000000 0.000000 0.000000 1.000000
0.975716 0.142652 0.166216 -9.953217 -0.127921 0.987103 -0.096247 78.624962 -0.177803 0.072647 0.981381 3.023133 0.000000 0.000000 0.000000 1.000000
0.981372 0.153929 0.114957 -11.016171 -0.143239 0.985009 -0.096129 77.009613 -0.128030 0.077872 0.988708 1.922410 0.000000 0.000000 0.000000 1.000000
0.990407 0.134236 0.032781 -12.107236 -0.130122 0.985852 -0.105661 75.482635 -0.046501 0.100381 0.993862 0.814916 0.000000 0.000000 0.000000 1.000000
0.992589 0.114591 -0.040459 -13.114321 -0.118826 0.984949 -0.125521 74.419250 0.025466 0.129398 0.991266 0.098319 0.000000 0.000000 0.000000 1.000000
0.989960 0.120174 -0.074413 -13.787725 -0.129754 0.981440 -0.141209 74.295624 0.056062 0.149447 0.987179 -0.304677 0.000000 0.000000 0.000000 1.000000
0.987289 0.142340 -0.070708 -14.304779 -0.151354 0.977787 -0.145000 75.094337 0.048499 0.153858 0.986902 -0.394815 0.000000 0.000000 0.000000 1.000000
0.985171 0.162775 -0.054240 -15.004576 -0.168993 0.975214 -0.142824 76.636810 0.029647 0.149873 0.988261 -0.112694 0.000000 0.000000 0.000000 1.000000
0.983686 0.174020 -0.045591 -16.023626 -0.178809 0.973614 -0.141785 78.593903 0.019714 0.147624 0.988847 0.442614 0.000000 0.000000 0.000000 1.000000
0.983730 0.174260 -0.043697 -17.232513 -0.178754 0.973734 -0.141032 80.416649 0.017973 0.146549 0.989040 1.153551 0.000000 0.000000 0.000000 1.000000
0.986918 0.157640 -0.033808 -18.401411 -0.160780 0.977880 -0.133793 81.554718 0.011969 0.137479 0.990432 2.129569 0.000000 0.000000 0.000000 1.000000
0.992416 0.122774 -0.006157 -19.441299 -0.122650 0.985557 -0.116765 81.806152 -0.008267 0.116634 0.993141 3.538579 0.000000 0.000000 0.000000 1.000000
0.995547 0.087040 0.036186 -20.328903 -0.083227 0.991886 -0.096103 81.281860 -0.044258 0.092664 0.994713 5.131974 0.000000 0.000000 0.000000 1.000000
0.993403 0.075931 0.085941 -21.165323 -0.068851 0.994205 -0.082554 80.023376 -0.091711 0.076092 0.992874 6.313641 0.000000 0.000000 0.000000 1.000000
0.986790 0.082770 0.139266 -22.046904 -0.072282 0.994269 -0.078766 78.068489 -0.144987 0.067659 0.987117 6.576663 0.000000 0.000000 0.000000 1.000000
0.979132 0.083600 0.185232 -22.736927 -0.070504 0.994596 -0.076204 75.624969 -0.190602 0.061554 0.979736 5.969611 0.000000 0.000000 0.000000 1.000000
0.975439 0.064127 0.210727 -22.942804 -0.050745 0.996372 -0.068315 73.444763 -0.214344 0.055944 0.975155 5.067300 0.000000 0.000000 0.000000 1.000000
0.975678 0.035798 0.216264 -22.559629 -0.023029 0.997855 -0.061276 72.193237 -0.217993 0.054805 0.974410 4.438985 0.000000 0.000000 0.000000 1.000000
0.975358 0.018597 0.219845 -21.481033 -0.004381 0.997877 -0.064973 72.196335 -0.220586 0.062409 0.973369 4.242898 0.000000 0.000000 0.000000 1.000000
0.971519 0.010140 0.236745 -19.704958 0.009433 0.996637 -0.081395 73.527252 -0.236774 0.081310 0.968156 4.279449 0.000000 0.000000 0.000000 1.000000
0.966144 -0.010441 0.257791 -17.380978 0.038833 0.993683 -0.105292 75.908829 -0.255063 0.111738 0.960447 4.304404 0.000000 0.000000 0.000000 1.000000
0.965363 -0.051767 0.255722 -14.686253 0.087544 0.987567 -0.130564 78.712624 -0.245784 0.148428 0.957893 4.173058 0.000000 0.000000 0.000000 1.000000
0.972780 -0.093737 0.211925 -11.650457 0.128068 0.979650 -0.154547 81.206612 -0.193125 0.177481 0.964989 3.950455 0.000000 0.000000 0.000000 1.000000
0.984516 -0.112225 0.134665 -8.408806 0.134181 0.976792 -0.166950 82.499733 -0.112803 0.182434 0.976726 3.830518 0.000000 0.000000 0.000000 1.000000
0.994042 -0.097627 0.048467 -4.980271 0.103882 0.983193 -0.150136 82.552155 -0.032995 0.154276 0.987477 3.825716 0.000000 0.000000 0.000000 1.000000
0.997459 -0.067343 -0.023232 -1.564199 0.064509 0.992220 -0.106476 81.781616 0.030222 0.104707 0.994044 4.016958 0.000000 0.000000 0.000000 1.000000
0.995939 -0.048037 -0.076143 1.589695 0.042865 0.996753 -0.068158 80.657791 0.079169 0.064617 0.994765 4.267494 0.000000 0.000000 0.000000 1.000000
0.991118 -0.056319 -0.120471 4.392977 0.048444 0.996554 -0.067328 79.063866 0.123847 0.060894 0.990431 4.177599 0.000000 0.000000 0.000000 1.000000
0.982534 -0.090621 -0.162524 6.788440 0.074290 0.991809 -0.103902 76.836494 0.170608 0.090014 0.981219 3.428908 0.000000 0.000000 0.000000 1.000000
0.972910 -0.124533 -0.194776 8.691648 0.097084 0.984708 -0.144652 74.361389 0.209812 0.121823 0.970123 2.032412 0.000000 0.000000 0.000000 1.000000
0.968990 -0.133354 -0.208028 9.833828 0.101739 0.982515 -0.155930 72.386238 0.225184 0.129930 0.965614 0.640454 0.000000 0.000000 0.000000 1.000000
0.972857 -0.108712 -0.204282 10.067971 0.081792 0.987339 -0.135908 71.540787 0.216471 0.115510 0.969432 -0.143703 0.000000 0.000000 0.000000 1.000000
0.979299 -0.063028 -0.192357 9.347300 0.042740 0.993247 -0.107856 71.986633 0.197856 0.097402 0.975380 -0.129441 0.000000 0.000000 0.000000 1.000000
0.984476 -0.011682 -0.175132 7.746718 -0.004058 0.996001 -0.089254 73.459251 0.175474 0.088579 0.980491 0.478108 0.000000 0.000000 0.000000 1.000000
0.988552 0.040398 -0.145373 5.517046 -0.052397 0.995442 -0.079681 75.620827 0.141491 0.086386 0.986163 1.302178 0.000000 0.000000 0.000000 1.000000
0.991055 0.093220 -0.095498 3.048194 -0.100408 0.992231 -0.073451 78.071449 0.087909 0.082383 0.992716 2.059328 0.000000 0.000000 0.000000 1.000000
0.989521 0.141019 -0.031028 0.785348 -0.142870 0.987334 -0.068985 80.120880 0.020907 0.072695 0.997135 2.719680 0.000000 0.000000 0.000000 1.000000
0.986289 0.162407 0.029293 -1.371611 -0.160283 0.984978 -0.064243 81.394470 -0.039287 0.058667 0.997504 3.485634 0.000000 0.000000 0.000000 1.000000
0.986711 0.148789 0.065296 -3.446938 -0.145224 0.987793 -0.056346 81.560959 -0.072883 0.046114 0.996274 4.462682 0.000000 0.000000 0.000000 1.000000
0.990750 0.117490 0.067904 -5.400825 -0.114341 0.992254 -0.048556 80.789345 -0.073083 0.040343 0.996510 5.530992 0.000000 0.000000 0.000000 1.000000
0.994067 0.098582 0.045952 -7.268518 -0.096572 0.994350 -0.044076 79.410851 -0.050037 0.039377 0.997971 6.325155 0.000000 0.000000 0.000000 1.000000
0.994521 0.102588 0.020065 -9.279084 -0.101835 0.994166 -0.035543 77.465225 -0.023595 0.033305 0.999167 6.472637 0.000000 0.000000 0.000000 1.000000
0.992593 0.121352 0.005796 -11.187843 -0.121243 0.992487 -0.016440 75.551620 -0.007747 0.015615 0.999848 5.869500 0.000000 0.000000 0.000000 1.000000
0.992368 0.123233 0.004411 -12.775020 -0.123254 0.992363 0.004885 73.646301 -0.003776 -0.005391 0.999978 4.953252 0.000000 0.000000 0.000000 1.000000
0.995453 0.094868 0.008528 -13.801211 -0.094976 0.995392 0.013206 72.059029 -0.007236 -0.013956 0.999876 4.193496 0.000000 0.000000 0.000000 1.000000
0.998490 0.053008 0.014391 -14.256537 -0.053047 0.998589 0.002334 71.192619 -0.014247 -0.003094 0.999894 3.696269 0.000000 0.000000 0.000000 1.000000
0.999454 0.023749 0.022991 -14.115573 -0.023305 0.999540 -0.019400 71.285439 -0.023442 0.018853 0.999547 3.461149 0.000000 0.000000 0.000000 1.000000
0.999398 0.010113 0.033199 -13.356375 -0.008833 0.999220 -0.038477 72.508591 -0.033563 0.038161 0.998708 3.485001 0.000000 0.000000 0.000000 1.000000
0.999299 -0.003115 0.037317 -12.026985 0.004863 0.998890 -0.046854 74.717033 -0.037130 0.047003 0.998204 3.762581 0.000000 0.000000 0.000000 1.000000
0.999378 -0.023375 0.026387 -10.224684 0.024509 0.998752 -0.043528 77.331085 -0.025337 0.044148 0.998704 4.255050 0.000000 0.000000 0.000000 1.000000
0.999255 -0.038505 -0.002422 -8.083644 0.038408 0.998747 -0.032077 79.619926 0.003654 0.031960 0.999482 4.962148 0.000000 0.000000 0.000000 1.000000
0.998307 -0.036668 -0.045153 -5.988901 0.035860 0.999184 -0.018579 80.931152 0.045797 0.016929 0.998807 5.949559 0.000000 0.000000 0.000000 1.000000
0.994913 -0.019703 -0.098788 -3.984487 0.018859 0.999777 -0.009467 81.430847 0.098953 0.007556 0.995063 7.123807 0.000000 0.000000 0.000000 1.000000
0.987616 -0.020367 -0.155564 -2.285074 0.019468 0.999784 -0.007298 81.091751 0.155679 0.004179 0.987799 8.180338 0.000000 0.000000 0.000000 1.000000
0.979873 -0.045424 -0.194387 -0.599061 0.044761 0.998967 -0.007802 79.750916 0.194540 -0.001056 0.980894 8.808166 0.000000 0.000000 0.000000 1.000000
0.977950 -0.100579 -0.183021 0.437085 0.102370 0.994746 0.000335 78.627296 0.182026 -0.019063 0.983109 8.639985 0.000000 0.000000 0.000000 1.000000
0.985173 -0.138311 -0.101506 1.190024 0.141272 0.989714 0.022553 77.408104 0.097343 -0.036559 0.994579 7.675138 0.000000 0.000000 0.000000 1.000000
0.989333 -0.143050 0.027500 1.687915 0.142111 0.989283 0.033509 76.211456 -0.031999 -0.029244 0.999060 6.350718 0.000000 0.000000 0.000000 1.000000
0.981940 -0.120895 0.145528 2.291609 0.121604 0.992570 0.004046 74.875587 -0.144936 0.013724 0.989346 5.192090 0.000000 0.000000 0.000000 1.000000
0.973348 -0.108302 0.202149 2.790731 0.120470 0.991514 -0.048857 73.975151 -0.195143 0.071908 0.978135 4.284325 0.000000 0.000000 0.000000 1.000000
0.974280 -0.114673 0.193979 3.276978 0.133369 0.987311 -0.086200 73.859337 -0.181633 0.109854 0.977211 3.611518 0.000000 0.000000 0.000000 1.000000
0.979468 -0.128989 0.154934 4.047141 0.144245 0.985293 -0.091597 74.769897 -0.140840 0.112065 0.983669 3.298537 0.000000 0.000000 0.000000 1.000000
0.982755 -0.137886 0.123210 5.323270 0.147849 0.986107 -0.075720 76.595734 -0.111058 0.092631 0.989488 3.493052 0.000000 0.000000 0.000000 1.000000
0.984367 -0.135916 0.112019 7.030740 0.142919 0.988091 -0.057019 78.816292 -0.102935 0.072137 0.992069 4.191803 0.000000 0.000000 0.000000 1.000000
0.986394 -0.125209 0.106530 8.774044 0.130736 0.990324 -0.046552 80.881538 -0.099670 0.059846 0.993219 5.218480 0.000000 0.000000 0.000000 1.000000
0.990487 -0.109688 0.083096 10.091582 0.113938 0.992316 -0.048239 82.420090 -0.077166 0.057248 0.995373 6.335683 0.000000 0.000000 0.000000 1.000000
0.995388 -0.090836 0.030857 10.928929 0.092606 0.993782 -0.061821 83.100548 -0.025049 0.064393 0.997610 7.355215 0.000000 0.000000 0.000000 1.000000
0.996404 -0.075444 -0.038574 11.459421 0.072121 0.994078 -0.081282 82.738182 0.044478 0.078208 0.995944 8.014770 0.000000 0.000000 0.000000 1.000000
0.992736 -0.066911 -0.099989 12.082133 0.057210 0.993646 -0.096924 81.209824 0.105839 0.090500 0.990256 8.054354 0.000000 0.000000 0.000000 1.000000
0.989165 -0.060498 -0.133765 12.886466 0.047051 0.993723 -0.101495 78.750832 0.139066 0.094101 0.985802 7.413880 0.000000 0.000000 0.000000 1.000000
0.988809 -0.051966 -0.139844 13.545363 0.038999 0.994816 -0.093919 76.115685 0.143999 0.087414 0.985709 6.509484 0.000000 0.000000 0.000000 1.000000
0.990512 -0.028558 -0.134426 13.874233 0.017938 0.996668 -0.079566 73.678757 0.136250 0.076400 0.987724 5.882129 0.000000 0.000000 0.000000 1.000000
0.991268 0.004626 -0.131785 13.733594 -0.013321 0.997785 -0.065174 71.763557 0.131191 0.066360 0.989134 5.791039 0.000000 0.000000 0.000000 1.000000
0.990409 0.034322 -0.133838 13.060486 -0.041702 0.997738 -0.052731 70.654617 0.131725 0.057807 0.989599 6.152514 0.000000 0.000000 0.000000 1.000000
0.989149 0.057469 -0.135207 11.918374 -0.063272 0.997233 -0.039018 70.747894 0.132591 0.047149 0.990049 6.672302 0.000000 0.000000 0.000000 1.000000
0.988040 0.080740 -0.131371 10.408932 -0.084150 0.996240 -0.020606 72.292824 0.129213 0.031415 0.991119 7.143161 0.000000 0.000000 0.000000 1.000000
0.986860 0.107645 -0.120502 8.569532 -0.108498 0.994097 -0.000522 75.050262 0.119734 0.013590 0.992713 7.578080 0.000000 0.000000 0.000000 1.000000
0.986452 0.128844 -0.101551 6.370778 -0.128351 0.991663 0.011402 78.184814 0.102174 0.001786 0.994765 8.088099 0.000000 0.000000 0.000000 1.000000
0.988422 0.131713 -0.075329 3.984055 -0.131525 0.991285 0.007472 80.589043 0.075656 0.002522 0.997131 8.683056 0.000000 0.000000 0.000000 1.000000
0.992863 0.111206 -0.043081 1.518406 -0.111706 0.993697 -0.009354 81.715256 0.041769 0.014100 0.999028 9.385273 0.000000 0.000000 0.000000 1.000000
0.996413 0.084417 -0.005875 -0.733021 -0.084546 0.996051 -0.027105 81.914047 0.003564 0.027505 0.999615 10.094659 0.000000 0.000000 0.000000 1.000000
0.996419 0.076435 0.036145 -2.744750 -0.075173 0.996553 -0.035075 81.376915 -0.038702 0.032233 0.998731 10.571480 0.000000 0.000000 0.000000 1.000000
0.992968 0.089237 0.077791 -4.744659 -0.086999 0.995704 -0.031706 80.141792 -0.080286 0.024716 0.996465 10.550778 0.000000 0.000000 0.000000 1.000000
0.987698 0.114895 0.106076 -6.673382 -0.113140 0.993326 -0.022440 78.564224 -0.107946 0.010163 0.994105 9.724100 0.000000 0.000000 0.000000 1.000000
0.987209 0.116090 0.109274 -8.628740 -0.115357 0.993239 -0.013026 76.420807 -0.110047 0.000254 0.993926 8.235104 0.000000 0.000000 0.000000 1.000000
0.992178 0.084304 0.092059 -10.175057 -0.083719 0.996437 -0.010200 74.297501 -0.092591 0.002413 0.995701 6.671166 0.000000 0.000000 0.000000 1.000000
0.996508 0.035377 0.075637 -11.076365 -0.034063 0.999247 -0.018600 72.710617 -0.076238 0.015959 0.996962 5.497389 0.000000 0.000000 0.000000 1.000000
0.996754 -0.001675 0.080492 -11.250451 0.004420 0.999414 -0.033943 72.067970 -0.080388 0.034189 0.996177 4.902479 0.000000 0.000000 0.000000 1.000000
0.994098 -0.016590 0.107210 -10.787954 0.022044 0.998511 -0.049894 72.662735 -0.106222 0.051963 0.992984 4.850313 0.000000 0.000000 0.000000 1.000000
0.990031 -0.024258 0.138742 -9.886913 0.033544 0.997322 -0.064989 74.582420 -0.136794 0.068995 0.988194 5.215532 0.000000 0.000000 0.000000 1.000000
0.986690 -0.041007 0.157354 -8.632391 0.054068 0.995356 -0.079642 77.498604 -0.153358 0.087090 0.984326 5.884405 0.000000 0.000000 0.000000 1.000000
0.985679 -0.062859 0.156477 -7.013166 0.078278 0.992452 -0.094406 80.610809 -0.149362 0.105303 0.983159 6.749957 0.000000 0.000000 0.000000 1.000000
0.987715 -0.069561 0.139930 -5.095592 0.085003 0.990556 -0.107582 82.929947 -0.131125 0.118155 0.984300 7.705677 0.000000 0.000000 0.000000 1.000000
0.992282 -0.048415 0.114164 -3.115301 0.061394 0.991689 -0.113061 83.824371 -0.107741 0.119198 0.987008 8.708937 0.000000 0.000000 0.000000 1.000000
0.996559 -0.008112 0.082491 -1.318579 0.016900 0.994179 -0.106409 83.639893 -0.081148 0.107437 0.990895 9.750577 0.000000 0.000000 0.000000 1.000000
0.998754 0.019152 0.046091 0.018011 -0.014839 0.995634 -0.092158 82.966583 -0.047655 0.091359 0.994677 10.647676 0.000000 0.000000 0.000000 1.000000
0.999731 0.023042 0.002572 1.259383 -0.022756 0.996410 -0.081547 81.544128 -0.004442 0.081467 0.996666 11.120317 0.000000 0.000000 0.000000 1.000000
0.998922 -0.001838 -0.046384 2.306649 -0.002013 0.996561 -0.082838 79.949783 0.046377 0.082842 0.995483 10.872756 0.000000 0.000000 0.000000 1.000000
0.995010 -0.031131 -0.094791 3.320675 0.022230 0.995366 -0.093549 78.281616 0.097264 0.090975 0.991092 10.060205 0.000000 0.000000 0.000000 1.000000
0.990028 -0.045191 -0.133423 4.184173 0.031572 0.994234 -0.102477 76.435623 0.137285 0.097243 0.985747 9.267221 0.000000 0.000000 0.000000 1.000000
0.986833 -0.036139 -0.157656 4.728868 0.020275 0.994670 -0.101096 74.879089 0.160469 0.096568 0.982306 8.920613 0.000000 0.000000 0.000000 1.000000
0.985905 -0.016714 -0.166468 4.749852 0.001645 0.995918 -0.090252 74.078369 0.167297 0.088706 0.981908 9.008253 0.000000 0.000000 0.000000 1.000000
0.987445 0.002970 -0.157936 4.149046 -0.014995 0.997071 -0.075001 74.405632 0.157251 0.076428 0.984597 9.327258 0.000000 0.000000 0.000000 1.000000
0.991057 0.026925 -0.130697 3.020684 -0.034783 0.997697 -0.058223 75.986900 0.128828 0.062248 0.989711 9.711179 0.000000 0.000000 0.000000 1.000000
0.994316 0.058020 -0.089268 1.516405 -0.061948 0.997201 -0.041871 78.453186 0.086589 0.047163 0.995127 10.160742 0.000000 0.000000 0.000000 1.000000
0.995431 0.083975 -0.045455 -0.224805 -0.085369 0.995908 -0.029642 80.844749 0.042780 0.033387 0.998527 10.804484 0.000000 0.000000 0.000000 1.000000
0.996022 0.088342 -0.011672 -2.127838 -0.088608 0.995760 -0.024731 82.311722 0.009438 0.025667 0.999626 11.651352 0.000000 0.000000 0.000000 1.000000
0.997456 0.070436 0.010978 -4.160839 -0.070115 0.997164 -0.027333 82.680214 -0.012872 0.026493 0.999566 12.538035 0.000000 0.000000 0.000000 1.000000
0.997447 0.064911 0.029769 -5.979908 -0.063991 0.997472 -0.030888 82.245903 -0.031699 0.028904 0.999079 13.135487 0.000000 0.000000 0.000000 1.000000
0.995448 0.082769 0.047250 -7.692733 -0.081676 0.996355 -0.024609 81.241196 -0.049115 0.020638 0.998580 13.298641 0.000000 0.000000 0.000000 1.000000
0.990632 0.128228 0.046970 -8.943008 -0.128063 0.991745 -0.006513 80.636650 -0.047417 0.000436 0.998875 12.922156 0.000000 0.000000 0.000000 1.000000
0.986511 0.163613 0.005133 -9.958448 -0.163662 0.986449 0.011551 80.163589 -0.003174 -0.012235 0.999920 12.060440 0.000000 0.000000 0.000000 1.000000
0.982081 0.171507 -0.078120 -10.945976 -0.171210 0.985178 0.010526 79.327293 0.078767 0.003037 0.996888 10.965845 0.000000 0.000000 0.000000 1.000000
0.973947 0.154665 -0.165849 -12.058568 -0.159370 0.987099 -0.015366 78.119362 0.161333 0.041397 0.986031 9.966717 0.000000 0.000000 0.000000 1.000000
0.967159 0.142083 -0.210751 -13.104058 -0.154630 0.986983 -0.044213 76.908592 0.201726 0.075350 0.976539 9.163827 0.000000 0.000000 0.000000 1.000000
0.970519 0.140312 -0.195972 -14.007590 -0.153535 0.986671 -0.053919 76.214012 0.185795 0.082418 0.979126 8.602942 0.000000 0.000000 0.000000 1.000000
0.979408 0.142133 -0.143383 -14.863906 -0.150108 0.987581 -0.046373 76.431999 0.135011 0.066941 0.988580 8.368840 0.000000 0.000000 0.000000 1.000000
0.985309 0.144983 -0.090257 -15.797268 -0.148727 0.988216 -0.036200 77.724480 0.083945 0.049092 0.995260 8.514720 0.000000 0.000000 0.000000 1.000000
0.986706 0.151381 -0.059114 -16.893307 -0.153344 0.987712 -0.030186 79.810585 0.053818 0.038850 0.997795 9.002041 0.000000 0.000000 0.000000 1.000000
0.986666 0.155358 -0.048517 -18.237789 -0.156610 0.987389 -0.023139 81.963135 0.044310 0.030429 0.998554 9.775723 0.000000 0.000000 0.000000 1.000000
0.988202 0.146208 -0.045602 -19.821608 -0.146905 0.989074 -0.012324 83.300232 0.043302 0.018878 0.998884 10.768175 0.000000 0.000000 0.000000 1.000000
0.991986 0.120481 -0.038050 -21.493818 -0.120757 0.992669 -0.005056 83.649376 0.037162 0.009610 0.999263 11.872790 0.000000 0.000000 0.000000 1.000000
0.995173 0.096302 -0.018905 -22.922972 -0.096457 0.995309 -0.007444 83.420792 0.018099 0.009232 0.999794 12.838369 0.000000 0.000000 0.000000 1.000000
0.996944 0.077343 0.010966 -24.247963 -0.077168 0.996896 -0.015574 82.326599 -0.012136 0.014680 0.999819 13.421379 0.000000 0.000000 0.000000 1.000000
0.995422 0.087408 0.038673 -25.252645 -0.086571 0.995985 -0.022803 80.882759 -0.040511 0.019351 0.998992 13.366720 0.000000 0.000000 0.000000 1.000000
0.993745 0.101973 0.045532 -26.324932 -0.100722 0.994492 -0.028995 78.830444 -0.048238 0.024227 0.998542 12.645749 0.000000 0.000000 0.000000 1.000000
0.994020 0.106145 0.025660 -27.503710 -0.105099 0.993690 -0.039168 76.351501 -0.029655 0.036237 0.998903 11.593054 0.000000 0.000000 0.000000 1.000000
0.994997 0.099865 -0.002921 -28.561787 -0.099872 0.993451 -0.055500 73.832321 -0.002641 0.055514 0.998454 10.674379 0.000000 0.000000 0.000000 1.000000
0.994765 0.101801 -0.008951 -29.170425 -0.102177 0.992349 -0.069306 71.930122 0.001827 0.069857 0.997555 10.212865 0.000000 0.000000 0.000000 1.000000
0.991553 0.126859 0.027010 -29.316256 -0.124742 0.989765 -0.069314 71.568947 -0.035526 0.065359 0.997229 10.251186 0.000000 0.000000 0.000000 1.000000
0.981517 0.166455 0.094426 -29.015135 -0.161278 0.985078 -0.060097 72.801537 -0.103021 0.043757 0.993716 10.734774 0.000000 0.000000 0.000000 1.000000
