<?xml version="1.0" encoding="utf-8"?>
<COLLADA xmlns="http://www.collada.org/2005/11/COLLADASchema" version="1.4.1">
  <asset><contributor><author>Mixamo</author><authoring_tool>COLLADA Mixamo exporter</authoring_tool><comments></comments></contributor><created>2017-03-27T20:52:47Z</created><modified>2017-03-27T20:52:47Z</modified><revision></revision><title></title><unit meter="0.010000"/><up_axis>Y_UP</up_axis></asset>
  <library_animations>
    <animation id="Hips-anim" name="Hips"><source id="Hips-Matrix-animation-input"><float_array id="Hips-Matrix-animation-input-array" count="251">

0.000000 0.033333 0.066667 0.100000 0.133333 0.166667 0.200000 0.233333 0.266667 0.300000 0.333333 0.366667 0.400000 0.433333 0.466667 0.500000
0.533333 0.566667 0.600000 0.633333 0.666667 0.700000 0.733333 0.766667 0.800000 0.833333 0.866667 0.900000 0.933333 0.966667 1.000000 1.033333
1.066667 1.100000 1.133333 1.166667 1.200000 1.233333 1.266667 1.300000 1.333333 1.366667 1.400000 1.433333 1.466667 1.500000 1.533333 1.566667
1.600000 1.633333 1.666667 1.700000 1.733333 1.766667 1.800000 1.833333 1.866667 1.900000 1.933333 1.966667 2.000000 2.033333 2.066667 2.100000
2.133333 2.166667 2.200000 2.233333 2.266667 2.300000 2.333333 2.366667 2.400000 2.433333 2.466667 2.500000 2.533333 2.566667 2.600000 2.633333
2.666667 2.700000 2.733333 2.766667 2.800000 2.833333 2.866667 2.900000 2.933333 2.966667 3.000000 3.033333 3.066667 3.100000 3.133333 3.166667
3.200000 3.233333 3.266667 3.300000 3.333333 3.366667 3.400000 3.433333 3.466667 3.500000 3.533333 3.566667 3.600000 3.633333 3.666667 3.700000
3.733333 3.766667 3.800000 3.833333 3.866667 3.900000 3.933333 3.966667 4.000000 4.033333 4.066667 4.100000 4.133333 4.166667 4.200000 4.233333
4.266667 4.300000 4.333333 4.366667 4.400000 4.433333 4.466667 4.500000 4.533333 4.566667 4.600000 4.633333 4.666667 4.700000 4.733333 4.766667
4.800000 4.833333 4.866667 4.900000 4.933333 4.966667 5.000000 5.033333 5.066667 5.100000 5.133333 5.166667 5.200000 5.233333 5.266667 5.300000
5.333333 5.366667 5.400000 5.433333 5.466667 5.500000 5.533333 5.566667 5.600000 5.633333 5.666667 5.700000 5.733333 5.766667 5.800000 5.833333
5.866667 5.900000 5.933333 5.966667 6.000000 6.033333 6.066667 6.100000 6.133333 6.166667 6.200000 6.233333 6.266667 6.300000 6.333333 6.366667
6.400000 6.433333 6.466667 6.500000 6.533333 6.566667 6.600000 6.633333 6.666667 6.700000 6.733333 6.766667 6.800000 6.833333 6.866667 6.900000
6.933333 6.966667 7.000000 7.033333 7.066667 7.100000 7.133333 7.166667 7.200000 7.233333 7.266667 7.300000 7.333333 7.366667 7.400000 7.433333
7.466667 7.500000 7.533333 7.566667 7.600000 7.633333 7.666667 7.700000 7.733333 7.766667 7.800000 7.833333 7.866667 7.900000 7.933333 7.966667
8.000000 8.033333 8.066667 8.100000 8.133333 8.166667 8.200000 8.233333 8.266667 8.300000 8.333333</float_array><technique_common><accessor source="#Hips-Matrix-animation-input-array" count="251"><param name="TIME" type="float"/></accessor></technique_common></source><source id="Hips-Matrix-animation-output-transform"><float_array id="Hips-Matrix-animation-output-transform-array" count="4016">

0.993987 0.060827 -0.091044 0.017848 -0.055000 0.996356 0.065190 82.446068 0.094678 -0.059791 0.993711 0.245466 0.000000 0.000000 0.000000 1.000000
0.993989 0.060831 -0.091023 0.018631 -0.055036 0.996374 0.064881 82.446739 0.094640 -0.059482 0.993733 0.246849 0.000000 0.000000 0.000000 1.000000
0.993975 0.060839 -0.091176 0.019566 -0.055057 0.996388 0.064654 82.448425 0.094780 -0.059244 0.993734 0.251148 0.000000 0.000000 0.000000 1.000000
0.993956 0.060822 -0.091395 0.020970 -0.055043 0.996400 0.064481 82.450371 0.094988 -0.059060 0.993725 0.257446 0.000000 0.000000 0.000000 1.000000
0.993923 0.060835 -0.091745 0.022353 -0.055043 0.996406 0.064391 82.452835 0.095332 -0.058949 0.993699 0.264847 0.000000 0.000000 0.000000 1.000000
0.993866 0.060889 -0.092319 0.023395 -0.055067 0.996407 0.064349 82.456108 0.095906 -0.058871 0.993648 0.272680 0.000000 0.000000 0.000000 1.000000
0.993793 0.060948 -0.093062 0.024388 -0.055091 0.996411 0.064269 82.459381 0.096645 -0.058743 0.993584 0.280310 0.000000 0.000000 0.000000 1.000000
0.993719 0.060996 -0.093820 0.025389 -0.055105 0.996417 0.064154 82.460800 0.097397 -0.058581 0.993520 0.287449 0.000000 0.000000 0.000000 1.000000
0.993646 0.061061 -0.094543 0.026192 -0.055132 0.996420 0.064097 82.460464 0.098118 -0.058478 0.993455 0.294445 0.000000 0.000000 0.000000 1.000000
0.993570 0.061172 -0.095272 0.027078 -0.055201 0.996416 0.064098 82.461433 0.098852 -0.058426 0.993385 0.301910 0.000000 0.000000 0.000000 1.000000
0.993490 0.061331 -0.095998 0.028570 -0.055326 0.996414 0.064016 82.465454 0.099580 -0.058289 0.993321 0.309784 0.000000 0.000000 0.000000 1.000000
0.993413 0.061478 -0.096701 0.030443 -0.055456 0.996422 0.063777 82.470184 0.100276 -0.057995 0.993268 0.317455 0.000000 0.000000 0.000000 1.000000
0.993342 0.061558 -0.097376 0.031747 -0.055529 0.996438 0.063464 82.471779 0.100936 -0.057635 0.993222 0.324497 0.000000 0.000000 0.000000 1.000000
0.993279 0.061623 -0.097976 0.032181 -0.055587 0.996452 0.063191 82.470840 0.101522 -0.057320 0.993181 0.331029 0.000000 0.000000 0.000000 1.000000
0.993221 0.061736 -0.098487 0.031366 -0.055690 0.996459 0.062999 82.469589 0.102028 -0.057087 0.993142 0.337265 0.000000 0.000000 0.000000 1.000000
0.993163 0.061923 -0.098961 0.028467 -0.055864 0.996458 0.062860 82.469254 0.102503 -0.056902 0.993104 0.343062 0.000000 0.000000 0.000000 1.000000
0.993109 0.062137 -0.099368 0.023162 -0.056076 0.996457 0.062674 82.468582 0.102910 -0.056670 0.993075 0.348033 0.000000 0.000000 0.000000 1.000000
0.993075 0.062308 -0.099602 0.016454 -0.056268 0.996467 0.062350 82.466835 0.103135 -0.056314 0.993072 0.352703 0.000000 0.000000 0.000000 1.000000
0.993059 0.062419 -0.099688 0.009629 -0.056417 0.996485 0.061934 82.464912 0.103203 -0.055880 0.993089 0.358271 0.000000 0.000000 0.000000 1.000000
0.993045 0.062527 -0.099763 0.003103 -0.056560 0.996500 0.061557 82.464500 0.103263 -0.055486 0.993105 0.365013 0.000000 0.000000 0.000000 1.000000
0.993027 0.062660 -0.099858 -0.003810 -0.056718 0.996508 0.061279 82.465591 0.103349 -0.055188 0.993113 0.372205 0.000000 0.000000 0.000000 1.000000
0.993020 0.062769 -0.099861 -0.011773 -0.056857 0.996517 0.060994 82.466911 0.103342 -0.054890 0.993130 0.379971 0.000000 0.000000 0.000000 1.000000
0.993029 0.062797 -0.099745 -0.020580 -0.056937 0.996540 0.060554 82.467140 0.103202 -0.054453 0.993169 0.389126 0.000000 0.000000 0.000000 1.000000
0.993037 0.062775 -0.099685 -0.029226 -0.056975 0.996571 0.059998 82.466728 0.103110 -0.053901 0.993208 0.400346 0.000000 0.000000 0.000000 1.000000
0.993024 0.062780 -0.099813 -0.036986 -0.057023 0.996597 0.059518 82.468361 0.103209 -0.053411 0.993225 0.414305 0.000000 0.000000 0.000000 1.000000
0.993006 0.062744 -0.100015 -0.043959 -0.057009 0.996617 0.059206 82.471771 0.103392 -0.053091 0.993223 0.430909 0.000000 0.000000 0.000000 1.000000
0.993003 0.062600 -0.100129 -0.050303 -0.056878 0.996635 0.059020 82.475365 0.103486 -0.052912 0.993223 0.449030 0.000000 0.000000 0.000000 1.000000
0.993021 0.062331 -0.100120 -0.056558 -0.056616 0.996655 0.058942 82.475296 0.103459 -0.052862 0.993228 0.466611 0.000000 0.000000 0.000000 1.000000
0.993053 0.062024 -0.099996 -0.063252 -0.056308 0.996668 0.059010 82.472351 0.103323 -0.052970 0.993236 0.482888 0.000000 0.000000 0.000000 1.000000
0.993093 0.061745 -0.099773 -0.071022 -0.056020 0.996673 0.059207 82.470200 0.103097 -0.053209 0.993247 0.499497 0.000000 0.000000 0.000000 1.000000
0.993128 0.061509 -0.099566 -0.080604 -0.055763 0.996669 0.059502 82.470604 0.102894 -0.053541 0.993250 0.518751 0.000000 0.000000 0.000000 1.000000
0.993145 0.061318 -0.099516 -0.092109 -0.055532 0.996658 0.059909 82.472054 0.102857 -0.053972 0.993231 0.540719 0.000000 0.000000 0.000000 1.000000
0.993150 0.061166 -0.099558 -0.104364 -0.055326 0.996640 0.060400 82.472664 0.102918 -0.054479 0.993197 0.562925 0.000000 0.000000 0.000000 1.000000
0.993163 0.061023 -0.099512 -0.115875 -0.055134 0.996620 0.060894 82.472214 0.102892 -0.054991 0.993171 0.583071 0.000000 0.000000 0.000000 1.000000
0.993189 0.060875 -0.099348 -0.126480 -0.054946 0.996602 0.061367 82.471474 0.102746 -0.055490 0.993159 0.600433 0.000000 0.000000 0.000000 1.000000
0.993227 0.060685 -0.099083 -0.136725 -0.054719 0.996584 0.061861 82.470276 0.102498 -0.056020 0.993154 0.614761 0.000000 0.000000 0.000000 1.000000
0.993285 0.060435 -0.098649 -0.146695 -0.054437 0.996565 0.062412 82.468765 0.102082 -0.056623 0.993163 0.626275 0.000000 0.000000 0.000000 1.000000
0.993371 0.060113 -0.097979 -0.156216 -0.054094 0.996548 0.062972 82.467239 0.101426 -0.057255 0.993194 0.635761 0.000000 0.000000 0.000000 1.000000
0.993482 0.059703 -0.097108 -0.164899 -0.053683 0.996539 0.063470 82.466339 0.100562 -0.057844 0.993248 0.643657 0.000000 0.000000 0.000000 1.000000
0.993608 0.059211 -0.096115 -0.172446 -0.053206 0.996538 0.063884 82.465958 0.099564 -0.058362 0.993318 0.649058 0.000000 0.000000 0.000000 1.000000
0.993745 0.058702 -0.094997 -0.179435 -0.052728 0.996542 0.064217 82.464539 0.098438 -0.058807 0.993404 0.650945 0.000000 0.000000 0.000000 1.000000
0.993895 0.058250 -0.093705 -0.187362 -0.052326 0.996546 0.064476 82.460754 0.097137 -0.059179 0.993510 0.650025 0.000000 0.000000 0.000000 1.000000
0.994050 0.057855 -0.092292 -0.196821 -0.051994 0.996550 0.064695 82.455063 0.095716 -0.059512 0.993628 0.647644 0.000000 0.000000 0.000000 1.000000
0.994200 0.057475 -0.090897 -0.207081 -0.051673 0.996550 0.064941 82.449387 0.094316 -0.059867 0.993741 0.644434 0.000000 0.000000 0.000000 1.000000
0.994337 0.057099 -0.089634 -0.218139 -0.051346 0.996549 0.065226 82.445007 0.093049 -0.060254 0.993837 0.640447 0.000000 0.000000 0.000000 1.000000
0.994454 0.056754 -0.088541 -0.230665 -0.051043 0.996547 0.065482 82.441483 0.091952 -0.060600 0.993918 0.636180 0.000000 0.000000 0.000000 1.000000
0.994554 0.056439 -0.087614 -0.244816 -0.050766 0.996549 0.065675 82.437820 0.091018 -0.060870 0.993987 0.632894 0.000000 0.000000 0.000000 1.000000
0.994637 0.056151 -0.086862 -0.259996 -0.050508 0.996550 0.065857 82.434845 0.090260 -0.061117 0.994041 0.631322 0.000000 0.000000 0.000000 1.000000
0.994700 0.055900 -0.086297 -0.276452 -0.050272 0.996549 0.066058 82.433472 0.089692 -0.061370 0.994077 0.630824 0.000000 0.000000 0.000000 1.000000
0.994748 0.055689 -0.085878 -0.294343 -0.050073 0.996547 0.066228 82.432510 0.089269 -0.061580 0.994102 0.630499 0.000000 0.000000 0.000000 1.000000
0.994787 0.055518 -0.085541 -0.312227 -0.049916 0.996551 0.066286 82.431328 0.088926 -0.061671 0.994127 0.630341 0.000000 0.000000 0.000000 1.000000
0.994815 0.055361 -0.085315 -0.328383 -0.049779 0.996562 0.066228 82.430359 0.088688 -0.061637 0.994151 0.631219 0.000000 0.000000 0.000000 1.000000
0.994825 0.055196 -0.085305 -0.342980 -0.049621 0.996575 0.066149 82.429825 0.088664 -0.061574 0.994157 0.633936 0.000000 0.000000 0.000000 1.000000
0.994813 0.055030 -0.085555 -0.356367 -0.049441 0.996585 0.066136 82.430023 0.088902 -0.061563 0.994136 0.638889 0.000000 0.000000 0.000000 1.000000
0.994787 0.054868 -0.085959 -0.367809 -0.049248 0.996591 0.066192 82.430962 0.089298 -0.061614 0.994097 0.645811 0.000000 0.000000 0.000000 1.000000
0.994760 0.054702 -0.086368 -0.376972 -0.049048 0.996594 0.066292 82.432335 0.089700 -0.061709 0.994055 0.653710 0.000000 0.000000 0.000000 1.000000
0.994738 0.054531 -0.086728 -0.384644 -0.048843 0.996596 0.066414 82.433533 0.090055 -0.061828 0.994016 0.661613 0.000000 0.000000 0.000000 1.000000
0.994716 0.054367 -0.087084 -0.391408 -0.048641 0.996595 0.066571 82.434242 0.090407 -0.061983 0.993974 0.669550 0.000000 0.000000 0.000000 1.000000
0.994689 0.054230 -0.087478 -0.396716 -0.048460 0.996590 0.066778 82.434349 0.090801 -0.062184 0.993926 0.677847 0.000000 0.000000 0.000000 1.000000
0.994654 0.054132 -0.087933 -0.400570 -0.048312 0.996582 0.067016 82.434189 0.091260 -0.062410 0.993869 0.686104 0.000000 0.000000 0.000000 1.000000
0.994612 0.054068 -0.088454 -0.403796 -0.048191 0.996570 0.067271 82.433861 0.091787 -0.062646 0.993806 0.693895 0.000000 0.000000 0.000000 1.000000
0.994568 0.054029 -0.088966 -0.407052 -0.048095 0.996557 0.067540 82.433067 0.092308 -0.062894 0.993742 0.701319 0.000000 0.000000 0.000000 1.000000
0.994532 0.054033 -0.089366 -0.410411 -0.048049 0.996540 0.067817 82.431778 0.092721 -0.063152 0.993687 0.708765 0.000000 0.000000 0.000000 1.000000
0.994500 0.054093 -0.089682 -0.413132 -0.048060 0.996520 0.068109 82.430786 0.093054 -0.063424 0.993639 0.716135 0.000000 0.000000 0.000000 1.000000
0.994464 0.054175 -0.090030 -0.414079 -0.048091 0.996496 0.068434 82.430275 0.093422 -0.063725 0.993585 0.722389 0.000000 0.000000 0.000000 1.000000
0.994429 0.054272 -0.090362 -0.413189 -0.048130 0.996468 0.068811 82.430405 0.093777 -0.064079 0.993529 0.727545 0.000000 0.000000 0.000000 1.000000
0.994410 0.054405 -0.090495 -0.411540 -0.048214 0.996434 0.069250 82.430908 0.093940 -0.064500 0.993486 0.733189 0.000000 0.000000 0.000000 1.000000
0.994410 0.054574 -0.090385 -0.410003 -0.048344 0.996394 0.069733 82.430908 0.093865 -0.064974 0.993463 0.739615 0.000000 0.000000 0.000000 1.000000
0.994421 0.054745 -0.090166 -0.408219 -0.048485 0.996353 0.070219 82.429626 0.093682 -0.065456 0.993448 0.745067 0.000000 0.000000 0.000000 1.000000
0.994434 0.054894 -0.089936 -0.405986 -0.048605 0.996314 0.070686 82.427650 0.093484 -0.065921 0.993436 0.748509 0.000000 0.000000 0.000000 1.000000
0.994455 0.055021 -0.089623 -0.404197 -0.048709 0.996276 0.071147 82.425362 0.093204 -0.066387 0.993431 0.750998 0.000000 0.000000 0.000000 1.000000
0.994496 0.055137 -0.089095 -0.404147 -0.048815 0.996235 0.071643 82.422363 0.092710 -0.066900 0.993443 0.754259 0.000000 0.000000 0.000000 1.000000
0.994557 0.055231 -0.088349 -0.405665 -0.048907 0.996190 0.072209 82.418175 0.092000 -0.067495 0.993469 0.758459 0.000000 0.000000 0.000000 1.000000
0.994628 0.055284 -0.087515 -0.407419 -0.048958 0.996141 0.072849 82.413040 0.091205 -0.068173 0.993496 0.762101 0.000000 0.000000 0.000000 1.000000
0.994702 0.055299 -0.086664 -0.409596 -0.048971 0.996091 0.073520 82.407509 0.090391 -0.068887 0.993521 0.764339 0.000000 0.000000 0.000000 1.000000
0.994780 0.055294 -0.085759 -0.413888 -0.048972 0.996044 0.074151 82.401810 0.089520 -0.069564 0.993553 0.765993 0.000000 0.000000 0.000000 1.000000
0.994865 0.055273 -0.084785 -0.421221 -0.048969 0.996002 0.074708 82.395897 0.088575 -0.070173 0.993595 0.768050 0.000000 0.000000 0.000000 1.000000
0.994957 0.055217 -0.083739 -0.431936 -0.048946 0.995968 0.075178 82.389931 0.087552 -0.070700 0.993648 0.771340 0.000000 0.000000 0.000000 1.000000
0.995056 0.055114 -0.082618 -0.445653 -0.048893 0.995945 0.075521 82.385315 0.086446 -0.071108 0.993716 0.776827 0.000000 0.000000 0.000000 1.000000
0.995154 0.054987 -0.081514 -0.460651 -0.048829 0.995934 0.075710 82.383682 0.085346 -0.071363 0.993792 0.784526 0.000000 0.000000 0.000000 1.000000
0.995236 0.054882 -0.080581 -0.475905 -0.048783 0.995929 0.075796 82.383980 0.084413 -0.071504 0.993862 0.793713 0.000000 0.000000 0.000000 1.000000
0.995293 0.054796 -0.079932 -0.491122 -0.048736 0.995925 0.075887 82.384369 0.083765 -0.071634 0.993907 0.804300 0.000000 0.000000 0.000000 1.000000
0.995329 0.054678 -0.079560 -0.505890 -0.048632 0.995917 0.076052 82.384300 0.083394 -0.071827 0.993925 0.816439 0.000000 0.000000 0.000000 1.000000
0.995356 0.054493 -0.079352 -0.520684 -0.048442 0.995909 0.076283 82.383766 0.083184 -0.072085 0.993924 0.829801 0.000000 0.000000 0.000000 1.000000
0.995382 0.054273 -0.079182 -0.537301 -0.048213 0.995900 0.076539 82.382896 0.083011 -0.072368 0.993918 0.844208 0.000000 0.000000 0.000000 1.000000
0.995409 0.054091 -0.078962 -0.556925 -0.048026 0.995891 0.076781 82.382240 0.082791 -0.072636 0.993916 0.859771 0.000000 0.000000 0.000000 1.000000
0.995438 0.053948 -0.078698 -0.578194 -0.047886 0.995882 0.076985 82.381683 0.082527 -0.072865 0.993922 0.876040 0.000000 0.000000 0.000000 1.000000
0.995462 0.053786 -0.078497 -0.597956 -0.047725 0.995876 0.077157 82.381165 0.082323 -0.073061 0.993924 0.892194 0.000000 0.000000 0.000000 1.000000
0.995477 0.053579 -0.078459 -0.614532 -0.047506 0.995874 0.077323 82.381615 0.082278 -0.073246 0.993914 0.908300 0.000000 0.000000 0.000000 1.000000
0.995478 0.053362 -0.078586 -0.628953 -0.047266 0.995873 0.077479 82.383682 0.082396 -0.073414 0.993892 0.925186 0.000000 0.000000 0.000000 1.000000
0.995470 0.053168 -0.078824 -0.642509 -0.047045 0.995874 0.077601 82.386734 0.082624 -0.073541 0.993864 0.942395 0.000000 0.000000 0.000000 1.000000
0.995455 0.052973 -0.079144 -0.654123 -0.046815 0.995874 0.077740 82.388840 0.082936 -0.073682 0.993827 0.957065 0.000000 0.000000 0.000000 1.000000
0.995436 0.052752 -0.079524 -0.662240 -0.046544 0.995867 0.077993 82.389130 0.083309 -0.073936 0.993777 0.966518 0.000000 0.000000 0.000000 1.000000
0.995420 0.052547 -0.079864 -0.667413 -0.046282 0.995849 0.078372 82.389122 0.083651 -0.074317 0.993720 0.971058 0.000000 0.000000 0.000000 1.000000
0.995408 0.052395 -0.080108 -0.670501 -0.046080 0.995829 0.078750 82.391136 0.083900 -0.074697 0.993671 0.972268 0.000000 0.000000 0.000000 1.000000
0.995399 0.052245 -0.080314 -0.670491 -0.045898 0.995822 0.078941 82.395653 0.084103 -0.074891 0.993639 0.970849 0.000000 0.000000 0.000000 1.000000
0.995392 0.052030 -0.080546 -0.665980 -0.045672 0.995839 0.078859 82.400795 0.084314 -0.074817 0.993626 0.966733 0.000000 0.000000 0.000000 1.000000
0.995386 0.051749 -0.080800 -0.657424 -0.045396 0.995874 0.078576 82.404236 0.084533 -0.074545 0.993628 0.959056 0.000000 0.000000 0.000000 1.000000
0.995382 0.051454 -0.081041 -0.646952 -0.045114 0.995916 0.078207 82.405823 0.084734 -0.074190 0.993638 0.947247 0.000000 0.000000 0.000000 1.000000
0.995379 0.051187 -0.081239 -0.636428 -0.044866 0.995958 0.077812 82.406929 0.084894 -0.073807 0.993653 0.932576 0.000000 0.000000 0.000000 1.000000
0.995378 0.050956 -0.081398 -0.626199 -0.044656 0.995998 0.077420 82.408859 0.085017 -0.073427 0.993670 0.916720 0.000000 0.000000 0.000000 1.000000
0.995375 0.050751 -0.081570 -0.615550 -0.044468 0.996033 0.077083 82.411308 0.085158 -0.073099 0.993682 0.900296 0.000000 0.000000 0.000000 1.000000
0.995367 0.050562 -0.081780 -0.603730 -0.044286 0.996061 0.076813 82.413986 0.085342 -0.072836 0.993686 0.884065 0.000000 0.000000 0.000000 1.000000
0.995357 0.050383 -0.082012 -0.590587 -0.044112 0.996089 0.076554 82.417374 0.085549 -0.072581 0.993687 0.869191 0.000000 0.000000 0.000000 1.000000
0.995344 0.050238 -0.082259 -0.576776 -0.043976 0.996119 0.076249 82.421654 0.085770 -0.072276 0.993690 0.855685 0.000000 0.000000 0.000000 1.000000
0.995324 0.050161 -0.082542 -0.563495 -0.043909 0.996149 0.075892 82.425781 0.086031 -0.071913 0.993694 0.842091 0.000000 0.000000 0.000000 1.000000
0.995298 0.050128 -0.082875 -0.551362 -0.043887 0.996181 0.075486 82.428825 0.086342 -0.071494 0.993697 0.827897 0.000000 0.000000 0.000000 1.000000
0.995271 0.050068 -0.083241 -0.539545 -0.043844 0.996220 0.074993 82.431915 0.086681 -0.070989 0.993704 0.814802 0.000000 0.000000 0.000000 1.000000
0.995244 0.049982 -0.083611 -0.526459 -0.043783 0.996267 0.074393 82.436707 0.087018 -0.070378 0.993718 0.804005 0.000000 0.000000 0.000000 1.000000
0.995216 0.049944 -0.083973 -0.511947 -0.043778 0.996316 0.073739 82.442245 0.087346 -0.069710 0.993736 0.794427 0.000000 0.000000 0.000000 1.000000
0.995185 0.049981 -0.084312 -0.497098 -0.043845 0.996359 0.073116 82.447556 0.087660 -0.069067 0.993753 0.785909 0.000000 0.000000 0.000000 1.000000
0.995155 0.050008 -0.084651 -0.482089 -0.043895 0.996395 0.072597 82.453789 0.087977 -0.068529 0.993762 0.781284 0.000000 0.000000 0.000000 1.000000
0.995124 0.049935 -0.085055 -0.465984 -0.043826 0.996424 0.072240 82.461777 0.088358 -0.068160 0.993754 0.782165 0.000000 0.000000 0.000000 1.000000
0.995089 0.049785 -0.085553 -0.448994 -0.043655 0.996443 0.072079 82.469452 0.088837 -0.067990 0.993723 0.785865 0.000000 0.000000 0.000000 1.000000
0.995050 0.049670 -0.086066 -0.432918 -0.043503 0.996447 0.072110 82.474823 0.089342 -0.068009 0.993676 0.788822 0.000000 0.000000 0.000000 1.000000
0.995018 0.049646 -0.086454 -0.419579 -0.043436 0.996437 0.072290 82.478004 0.089735 -0.068175 0.993630 0.790535 0.000000 0.000000 0.000000 1.000000
0.994999 0.049667 -0.086656 -0.408872 -0.043421 0.996420 0.072533 82.480392 0.089948 -0.068407 0.993594 0.793001 0.000000 0.000000 0.000000 1.000000
0.994992 0.049661 -0.086750 -0.399182 -0.043386 0.996404 0.072775 82.482727 0.090052 -0.068646 0.993568 0.797309 0.000000 0.000000 0.000000 1.000000
0.994984 0.049618 -0.086862 -0.389262 -0.043314 0.996390 0.073016 82.485413 0.090171 -0.068887 0.993541 0.802722 0.000000 0.000000 0.000000 1.000000
0.994969 0.049586 -0.087050 -0.379370 -0.043247 0.996375 0.073254 82.488785 0.090367 -0.069121 0.993507 0.808151 0.000000 0.000000 0.000000 1.000000
0.994949 0.049604 -0.087266 -0.370658 -0.043233 0.996362 0.073442 82.492203 0.090591 -0.069298 0.993474 0.812495 0.000000 0.000000 0.000000 1.000000
0.994932 0.049660 -0.087427 -0.363806 -0.043269 0.996354 0.073529 82.494095 0.090760 -0.069374 0.993454 0.814598 0.000000 0.000000 0.000000 1.000000
0.994921 0.049720 -0.087521 -0.358022 -0.043325 0.996353 0.073510 82.494789 0.090856 -0.069345 0.993447 0.814453 0.000000 0.000000 0.000000 1.000000
0.994913 0.049779 -0.087584 -0.352280 -0.043388 0.996357 0.073422 82.496475 0.090919 -0.069248 0.993448 0.813360 0.000000 0.000000 0.000000 1.000000
0.994905 0.049856 -0.087625 -0.346922 -0.043472 0.996361 0.073313 82.499397 0.090962 -0.069131 0.993452 0.812230 0.000000 0.000000 0.000000 1.000000
0.994901 0.049960 -0.087613 -0.342753 -0.043586 0.996363 0.073213 82.502518 0.090952 -0.069021 0.993461 0.811339 0.000000 0.000000 0.000000 1.000000
0.994900 0.050074 -0.087564 -0.339819 -0.043714 0.996366 0.073100 82.505493 0.090906 -0.068900 0.993473 0.811282 0.000000 0.000000 0.000000 1.000000
0.994895 0.050178 -0.087557 -0.337613 -0.043834 0.996373 0.072934 82.508179 0.090899 -0.068724 0.993486 0.812308 0.000000 0.000000 0.000000 1.000000
0.994883 0.050291 -0.087624 -0.336028 -0.043962 0.996383 0.072718 82.509193 0.090964 -0.068494 0.993496 0.813579 0.000000 0.000000 0.000000 1.000000
0.994869 0.050442 -0.087702 -0.335527 -0.044127 0.996391 0.072517 82.507309 0.091043 -0.068275 0.993504 0.813941 0.000000 0.000000 0.000000 1.000000
0.994859 0.050627 -0.087706 -0.336880 -0.044325 0.996392 0.072377 82.503288 0.091054 -0.068117 0.993514 0.813329 0.000000 0.000000 0.000000 1.000000
0.994857 0.050822 -0.087613 -0.340673 -0.044534 0.996389 0.072285 82.499069 0.090970 -0.068012 0.993528 0.812697 0.000000 0.000000 0.000000 1.000000
0.994860 0.051014 -0.087468 -0.346170 -0.044741 0.996383 0.072237 82.495834 0.090837 -0.067952 0.993545 0.813253 0.000000 0.000000 0.000000 1.000000
0.994862 0.051199 -0.087341 -0.351855 -0.044936 0.996376 0.072224 82.493294 0.090722 -0.067928 0.993557 0.815434 0.000000 0.000000 0.000000 1.000000
0.994858 0.051367 -0.087283 -0.357331 -0.045112 0.996370 0.072190 82.490829 0.090674 -0.067881 0.993564 0.819046 0.000000 0.000000 0.000000 1.000000
0.994848 0.051512 -0.087313 -0.363880 -0.045265 0.996371 0.072083 82.487503 0.090709 -0.067759 0.993570 0.823390 0.000000 0.000000 0.000000 1.000000
0.994832 0.051635 -0.087421 -0.372539 -0.045399 0.996379 0.071881 82.482437 0.090816 -0.067541 0.993575 0.827036 0.000000 0.000000 0.000000 1.000000
0.994810 0.051776 -0.087587 -0.382655 -0.045557 0.996394 0.071573 82.477165 0.090977 -0.067212 0.993582 0.829342 0.000000 0.000000 0.000000 1.000000
0.994781 0.051969 -0.087806 -0.392453 -0.045770 0.996412 0.071190 82.474716 0.091190 -0.066800 0.993590 0.831710 0.000000 0.000000 0.000000 1.000000
0.994742 0.052199 -0.088108 -0.401229 -0.046017 0.996429 0.070789 82.475876 0.091489 -0.066363 0.993592 0.836121 0.000000 0.000000 0.000000 1.000000
0.994696 0.052408 -0.088511 -0.409670 -0.046237 0.996448 0.070386 82.477715 0.091885 -0.065920 0.993585 0.842795 0.000000 0.000000 0.000000 1.000000
0.994647 0.052543 -0.088975 -0.417718 -0.046380 0.996470 0.069974 82.477051 0.092337 -0.065473 0.993573 0.850157 0.000000 0.000000 0.000000 1.000000
0.994602 0.052621 -0.089435 -0.424773 -0.046463 0.996492 0.069600 82.474228 0.092784 -0.065069 0.993558 0.857301 0.000000 0.000000 0.000000 1.000000
0.994563 0.052682 -0.089829 -0.431369 -0.046525 0.996509 0.069318 82.471542 0.093168 -0.064762 0.993542 0.864847 0.000000 0.000000 0.000000 1.000000
0.994532 0.052731 -0.090140 -0.437963 -0.046575 0.996523 0.069091 82.469917 0.093469 -0.064515 0.993530 0.873438 0.000000 0.000000 0.000000 1.000000
0.994506 0.052745 -0.090418 -0.444131 -0.046595 0.996540 0.068826 82.469429 0.093736 -0.064235 0.993523 0.883023 0.000000 0.000000 0.000000 1.000000
0.994478 0.052702 -0.090750 -0.449445 -0.046563 0.996565 0.068485 82.469635 0.094048 -0.063882 0.993516 0.893488 0.000000 0.000000 0.000000 1.000000
0.994445 0.052611 -0.091171 -0.453911 -0.046480 0.996595 0.068109 82.470169 0.094444 -0.063493 0.993503 0.904540 0.000000 0.000000 0.000000 1.000000
0.994409 0.052504 -0.091624 -0.457750 -0.046380 0.996625 0.067735 82.470520 0.094871 -0.063107 0.993487 0.915116 0.000000 0.000000 0.000000 1.000000
0.994378 0.052418 -0.092009 -0.461405 -0.046306 0.996654 0.067355 82.470909 0.095231 -0.062716 0.993478 0.924045 0.000000 0.000000 0.000000 1.000000
0.994356 0.052368 -0.092275 -0.465531 -0.046279 0.996683 0.066940 82.471336 0.095475 -0.062292 0.993481 0.931373 0.000000 0.000000 0.000000 1.000000
0.994340 0.052322 -0.092466 -0.470181 -0.046265 0.996714 0.066484 82.470772 0.095641 -0.061830 0.993494 0.938452 0.000000 0.000000 0.000000 1.000000
0.994325 0.052247 -0.092670 -0.474024 -0.046217 0.996745 0.066056 82.469780 0.095820 -0.061399 0.993503 0.946848 0.000000 0.000000 0.000000 1.000000
0.994306 0.052145 -0.092932 -0.475618 -0.046130 0.996770 0.065739 82.470413 0.096060 -0.061077 0.993500 0.956952 0.000000 0.000000 0.000000 1.000000
0.994283 0.052063 -0.093227 -0.475237 -0.046049 0.996787 0.065540 82.473076 0.096339 -0.060873 0.993485 0.967485 0.000000 0.000000 0.000000 1.000000
0.994257 0.052023 -0.093524 -0.474349 -0.046000 0.996796 0.065435 82.475296 0.096628 -0.060757 0.993464 0.976995 0.000000 0.000000 0.000000 1.000000
0.994233 0.051992 -0.093795 -0.473652 -0.045953 0.996798 0.065440 82.475357 0.096897 -0.060752 0.993439 0.985730 0.000000 0.000000 0.000000 1.000000
0.994217 0.051944 -0.093991 -0.473216 -0.045878 0.996792 0.065588 82.473656 0.097096 -0.060897 0.993410 0.994322 0.000000 0.000000 0.000000 1.000000
0.994210 0.051903 -0.094088 -0.473295 -0.045805 0.996778 0.065850 82.471184 0.097203 -0.061159 0.993384 1.002245 0.000000 0.000000 0.000000 1.000000
0.994205 0.051916 -0.094137 -0.473832 -0.045784 0.996758 0.066168 82.469276 0.097267 -0.061474 0.993358 1.009377 0.000000 0.000000 0.000000 1.000000
0.994194 0.052016 -0.094192 -0.474622 -0.045847 0.996731 0.066518 82.469421 0.097344 -0.061813 0.993329 1.016657 0.000000 0.000000 0.000000 1.000000
0.994181 0.052197 -0.094235 -0.476235 -0.045991 0.996701 0.066870 82.470444 0.097415 -0.062147 0.993302 1.024002 0.000000 0.000000 0.000000 1.000000
0.994171 0.052429 -0.094206 -0.479275 -0.046192 0.996669 0.067213 82.469574 0.097416 -0.062470 0.993281 1.029968 0.000000 0.000000 0.000000 1.000000
0.994166 0.052690 -0.094115 -0.482575 -0.046420 0.996632 0.067605 82.465698 0.097361 -0.062841 0.993263 1.032718 0.000000 0.000000 0.000000 1.000000
0.994156 0.052953 -0.094070 -0.483622 -0.046641 0.996589 0.068074 82.460320 0.097354 -0.063289 0.993235 1.030738 0.000000 0.000000 0.000000 1.000000
0.994144 0.053190 -0.094063 -0.481820 -0.046835 0.996550 0.068523 82.454475 0.097383 -0.063716 0.993205 1.024164 0.000000 0.000000 0.000000 1.000000
0.994149 0.053396 -0.093892 -0.480641 -0.047020 0.996518 0.068861 82.447380 0.097242 -0.064044 0.993198 1.016093 0.000000 0.000000 0.000000 1.000000
0.994178 0.053600 -0.093473 -0.482691 -0.047223 0.996488 0.069155 82.439720 0.096852 -0.064338 0.993217 1.010698 0.000000 0.000000 0.000000 1.000000
0.994209 0.053800 -0.093024 -0.485719 -0.047416 0.996453 0.069526 82.433617 0.096435 -0.064713 0.993233 1.009651 0.000000 0.000000 0.000000 1.000000
0.994227 0.053966 -0.092741 -0.486796 -0.047551 0.996410 0.070040 82.429382 0.096188 -0.065226 0.993224 1.012251 0.000000 0.000000 0.000000 1.000000
0.994233 0.054099 -0.092593 -0.485932 -0.047627 0.996358 0.070733 82.425003 0.096082 -0.065915 0.993189 1.016822 0.000000 0.000000 0.000000 1.000000
0.994241 0.054232 -0.092429 -0.485083 -0.047688 0.996293 0.071597 82.418625 0.095969 -0.066777 0.993142 1.021678 0.000000 0.000000 0.000000 1.000000
0.994260 0.054371 -0.092141 -0.486110 -0.047755 0.996221 0.072553 82.410034 0.095737 -0.067736 0.993099 1.025592 0.000000 0.000000 0.000000 1.000000
0.994292 0.054516 -0.091709 -0.490078 -0.047835 0.996145 0.073532 82.399742 0.095364 -0.068725 0.993067 1.027604 0.000000 0.000000 0.000000 1.000000
0.994332 0.054695 -0.091173 -0.497226 -0.047960 0.996067 0.074500 82.389259 0.094889 -0.069705 0.993044 1.027710 0.000000 0.000000 0.000000 1.000000
0.994374 0.054906 -0.090582 -0.507142 -0.048130 0.995994 0.075361 82.381287 0.094357 -0.070577 0.993034 1.027761 0.000000 0.000000 0.000000 1.000000
0.994423 0.055064 -0.089953 -0.519040 -0.048276 0.995941 0.075970 82.377243 0.093771 -0.071204 0.993044 1.029540 0.000000 0.000000 0.000000 1.000000
0.994479 0.055105 -0.089305 -0.531682 -0.048331 0.995912 0.076309 82.376045 0.093145 -0.071571 0.993077 1.031585 0.000000 0.000000 0.000000 1.000000
0.994534 0.055042 -0.088726 -0.543352 -0.048296 0.995901 0.076471 82.375717 0.092572 -0.071768 0.993116 1.030026 0.000000 0.000000 0.000000 1.000000
0.994579 0.054945 -0.088280 -0.553118 -0.048227 0.995902 0.076513 82.374954 0.092123 -0.071841 0.993153 1.023118 0.000000 0.000000 0.000000 1.000000
0.994619 0.054883 -0.087871 -0.562490 -0.048200 0.995908 0.076450 82.373276 0.091707 -0.071803 0.993194 1.013438 0.000000 0.000000 0.000000 1.000000
0.994660 0.054854 -0.087425 -0.572812 -0.048216 0.995917 0.076318 82.371048 0.091255 -0.071695 0.993243 1.004363 0.000000 0.000000 0.000000 1.000000
0.994692 0.054778 -0.087102 -0.581701 -0.048176 0.995930 0.076173 82.369843 0.090920 -0.071573 0.993283 0.996139 0.000000 0.000000 0.000000 1.000000
0.994708 0.054608 -0.087034 -0.586695 -0.048023 0.995947 0.076045 82.370956 0.090834 -0.071463 0.993299 0.987739 0.000000 0.000000 0.000000 1.000000
0.994711 0.054386 -0.087129 -0.588541 -0.047805 0.995967 0.075922 82.373611 0.090907 -0.071356 0.993300 0.978408 0.000000 0.000000 0.000000 1.000000
0.994714 0.054178 -0.087224 -0.589309 -0.047604 0.995989 0.075762 82.375732 0.090978 -0.071209 0.993304 0.967404 0.000000 0.000000 0.000000 1.000000
0.994719 0.054012 -0.087278 -0.589714 -0.047453 0.996013 0.075545 82.376312 0.091010 -0.071004 0.993315 0.954921 0.000000 0.000000 0.000000 1.000000
0.994717 0.053898 -0.087362 -0.589006 -0.047354 0.996034 0.075324 82.376190 0.091075 -0.070789 0.993325 0.942310 0.000000 0.000000 0.000000 1.000000
0.994708 0.053819 -0.087520 -0.586728 -0.047278 0.996049 0.075171 82.376511 0.091220 -0.070636 0.993323 0.930296 0.000000 0.000000 0.000000 1.000000
0.994695 0.053746 -0.087710 -0.583480 -0.047200 0.996060 0.075080 82.377747 0.091400 -0.070542 0.993313 0.918484 0.000000 0.000000 0.000000 1.000000
0.994684 0.053675 -0.087875 -0.579985 -0.047127 0.996072 0.074968 82.379601 0.091553 -0.070428 0.993307 0.906579 0.000000 0.000000 0.000000 1.000000
0.994674 0.053627 -0.088018 -0.575949 -0.047084 0.996086 0.074801 82.380989 0.091685 -0.070258 0.993306 0.894302 0.000000 0.000000 0.000000 1.000000
0.994660 0.053625 -0.088177 -0.569802 -0.047084 0.996097 0.074657 82.380875 0.091836 -0.070106 0.993303 0.880080 0.000000 0.000000 0.000000 1.000000
0.994646 0.053685 -0.088302 -0.560650 -0.047140 0.996098 0.074604 82.379280 0.091963 -0.070042 0.993296 0.861827 0.000000 0.000000 0.000000 1.000000
0.994642 0.053805 -0.088269 -0.549853 -0.047267 0.996096 0.074560 82.377426 0.091936 -0.069988 0.993302 0.839129 0.000000 0.000000 0.000000 1.000000
0.994655 0.053964 -0.088035 -0.539683 -0.047458 0.996099 0.074396 82.376572 0.091707 -0.069821 0.993335 0.812790 0.000000 0.000000 0.000000 1.000000
0.994670 0.054166 -0.087731 -0.529849 -0.047707 0.996108 0.074121 82.376358 0.091404 -0.069540 0.993383 0.783478 0.000000 0.000000 0.000000 1.000000
0.994670 0.054435 -0.087564 -0.517531 -0.048013 0.996114 0.073842 82.376862 0.091244 -0.069244 0.993418 0.752374 0.000000 0.000000 0.000000 1.000000
0.994645 0.054718 -0.087677 -0.499707 -0.048311 0.996116 0.073611 82.379379 0.091364 -0.068981 0.993425 0.721015 0.000000 0.000000 0.000000 1.000000
0.994598 0.054919 -0.088081 -0.476289 -0.048503 0.996123 0.073391 82.384033 0.091770 -0.068722 0.993406 0.689650 0.000000 0.000000 0.000000 1.000000
0.994543 0.055016 -0.088638 -0.450782 -0.048583 0.996136 0.073164 82.388947 0.092321 -0.068459 0.993373 0.658012 0.000000 0.000000 0.000000 1.000000
0.994495 0.055095 -0.089136 -0.427100 -0.048645 0.996146 0.072990 82.392204 0.092814 -0.068252 0.993341 0.627029 0.000000 0.000000 0.000000 1.000000
0.994458 0.055237 -0.089460 -0.406210 -0.048775 0.996147 0.072879 82.393387 0.093141 -0.068111 0.993320 0.597577 0.000000 0.000000 0.000000 1.000000
0.994428 0.055432 -0.089663 -0.386739 -0.048970 0.996148 0.072739 82.393188 0.093350 -0.067943 0.993312 0.568909 0.000000 0.000000 0.000000 1.000000
0.994403 0.055635 -0.089820 -0.368142 -0.049188 0.996157 0.072471 82.392792 0.093507 -0.067647 0.993318 0.540510 0.000000 0.000000 0.000000 1.000000
0.994379 0.055819 -0.089973 -0.350470 -0.049399 0.996176 0.072068 82.393562 0.093652 -0.067218 0.993333 0.513210 0.000000 0.000000 0.000000 1.000000
0.994352 0.055980 -0.090167 -0.333249 -0.049590 0.996199 0.071609 82.396431 0.093833 -0.066733 0.993349 0.487856 0.000000 0.000000 0.000000 1.000000
0.994319 0.056119 -0.090445 -0.315965 -0.049750 0.996221 0.071197 82.400505 0.094099 -0.066293 0.993353 0.463939 0.000000 0.000000 0.000000 1.000000
0.994278 0.056244 -0.090815 -0.298324 -0.049880 0.996236 0.070887 82.404289 0.094460 -0.065952 0.993342 0.439896 0.000000 0.000000 0.000000 1.000000
0.994231 0.056381 -0.091242 -0.280370 -0.050014 0.996248 0.070628 82.407578 0.094881 -0.065657 0.993321 0.414542 0.000000 0.000000 0.000000 1.000000
0.994181 0.056553 -0.091685 -0.262252 -0.050189 0.996263 0.070291 82.411224 0.095318 -0.065280 0.993304 0.388410 0.000000 0.000000 0.000000 1.000000
0.994129 0.056734 -0.092135 -0.243774 -0.050389 0.996288 0.069789 82.415421 0.095752 -0.064737 0.993298 0.363092 0.000000 0.000000 0.000000 1.000000
0.994078 0.056860 -0.092604 -0.224127 -0.050546 0.996325 0.069154 82.420578 0.096196 -0.064063 0.993299 0.339636 0.000000 0.000000 0.000000 1.000000
0.994030 0.056907 -0.093087 -0.202752 -0.050628 0.996367 0.068477 82.427643 0.096646 -0.063356 0.993300 0.318343 0.000000 0.000000 0.000000 1.000000
0.993987 0.056922 -0.093543 -0.179868 -0.050677 0.996408 0.067843 82.436615 0.097068 -0.062694 0.993301 0.299365 0.000000 0.000000 0.000000 1.000000
0.993948 0.056956 -0.093934 -0.156480 -0.050737 0.996441 0.067314 82.445663 0.097433 -0.062140 0.993300 0.282010 0.000000 0.000000 0.000000 1.000000
0.993913 0.057019 -0.094261 -0.133293 -0.050817 0.996462 0.066942 82.452858 0.097745 -0.061745 0.993294 0.264725 0.000000 0.000000 0.000000 1.000000
0.993883 0.057095 -0.094533 -0.110363 -0.050896 0.996472 0.066735 82.457291 0.098010 -0.061516 0.993282 0.246618 0.000000 0.000000 0.000000 1.000000
0.993859 0.057186 -0.094736 -0.087687 -0.050982 0.996473 0.066658 82.459534 0.098214 -0.061419 0.993268 0.228339 0.000000 0.000000 0.000000 1.000000
0.993842 0.057304 -0.094839 -0.065836 -0.051090 0.996465 0.066695 82.460571 0.098325 -0.061439 0.993256 0.211160 0.000000 0.000000 0.000000 1.000000
0.993835 0.057443 -0.094832 -0.045905 -0.051216 0.996448 0.066847 82.461182 0.098335 -0.061578 0.993246 0.196328 0.000000 0.000000 0.000000 1.000000
0.993836 0.057590 -0.094733 -0.028462 -0.051343 0.996424 0.067103 82.461990 0.098259 -0.061825 0.993239 0.184776 0.000000 0.000000 0.000000 1.000000
0.993846 0.057752 -0.094523 -0.012589 -0.051488 0.996395 0.067418 82.462967 0.098076 -0.062137 0.993237 0.176012 0.000000 0.000000 0.000000 1.000000
0.993867 0.057950 -0.094180 0.003483 -0.051676 0.996363 0.067748 82.464279 0.097763 -0.062466 0.993247 0.168272 0.000000 0.000000 0.000000 1.000000
0.993894 0.058158 -0.093766 0.020392 -0.051878 0.996330 0.068078 82.466324 0.097381 -0.062798 0.993264 0.160574 0.000000 0.000000 0.000000 1.000000
0.993915 0.058323 -0.093438 0.037482 -0.052028 0.996298 0.068439 82.468582 0.097083 -0.063162 0.993270 0.153061 0.000000 0.000000 0.000000 1.000000
0.993922 0.058426 -0.093307 0.054466 -0.052100 0.996265 0.068855 82.469437 0.096982 -0.063575 0.993254 0.145480 0.000000 0.000000 0.000000 1.000000
0.993917 0.058479 -0.093318 0.071812 -0.052105 0.996232 0.069335 82.467949 0.097021 -0.064051 0.993219 0.137198 0.000000 0.000000 0.000000 1.000000
0.993919 0.058485 -0.093294 0.089475 -0.052061 0.996197 0.069870 82.464920 0.097025 -0.064588 0.993184 0.128147 0.000000 0.000000 0.000000 1.000000
0.993939 0.058473 -0.093087 0.106398 -0.052012 0.996162 0.070392 82.461365 0.096846 -0.065124 0.993166 0.118760 0.000000 0.000000 0.000000 1.000000
0.993974 0.058510 -0.092694 0.121044 -0.052030 0.996130 0.070841 82.457962 0.096480 -0.065592 0.993171 0.109498 0.000000 0.000000 0.000000 1.000000
0.994009 0.058631 -0.092242 0.133099 -0.052147 0.996098 0.071202 82.455734 0.096056 -0.065966 0.993188 0.100625 0.000000 0.000000 0.000000 1.000000
0.994037 0.058781 -0.091839 0.143362 -0.052303 0.996074 0.071417 82.455009 0.095677 -0.066187 0.993210 0.092384 0.000000 0.000000 0.000000 1.000000
0.994063 0.058887 -0.091494 0.152241 -0.052434 0.996069 0.071397 82.455025 0.095339 -0.066176 0.993243 0.084912 0.000000 0.000000 0.000000 1.000000
0.994088 0.058959 -0.091171 0.159182 -0.052554 0.996082 0.071125 82.455017 0.095007 -0.065913 0.993292 0.077496 0.000000 0.000000 0.000000 1.000000
0.994111 0.059064 -0.090859 0.163852 -0.052726 0.996107 0.070650 82.455078 0.094678 -0.065443 0.993355 0.069194 0.000000 0.000000 0.000000 1.000000
0.994126 0.059222 -0.090588 0.166754 -0.052959 0.996137 0.070042 82.455048 0.094386 -0.064833 0.993422 0.060620 0.000000 0.000000 0.000000 1.000000
0.994136 0.059396 -0.090362 0.168410 -0.053211 0.996170 0.069380 82.454659 0.094137 -0.064165 0.993489 0.054047 0.000000 0.000000 0.000000 1.000000
0.994147 0.059557 -0.090139 0.168747 -0.053446 0.996201 0.068751 82.453819 0.093891 -0.063531 0.993553 0.050976 0.000000 0.000000 0.000000 1.000000
0.994159 0.059728 -0.089889 0.167001 -0.053683 0.996224 0.068230 82.453560 0.093625 -0.063006 0.993612 0.051085 0.000000 0.000000 0.000000 1.000000
0.994170 0.059926 -0.089640 0.162073 -0.053932 0.996236 0.067859 82.453918 0.093369 -0.062629 0.993660 0.054177 0.000000 0.000000 0.000000 1.000000
0.994176 0.060114 -0.089444 0.154235 -0.054156 0.996241 0.067614 82.453682 0.093172 -0.062376 0.993694 0.061376 0.000000 0.000000 0.000000 1.000000
0.994177 0.060227 -0.089358 0.145016 -0.054292 0.996246 0.067425 82.452354 0.093083 -0.062181 0.993715 0.073544 0.000000 0.000000 0.000000 1.000000
0.994170 0.060260 -0.089410 0.135506 -0.054341 0.996258 0.067213 82.451508 0.093126 -0.061962 0.993724 0.089773 0.000000 0.000000 0.000000 1.000000
0.994154 0.060273 -0.089586 0.125253 -0.054368 0.996274 0.066949 82.451988 0.093288 -0.061687 0.993726 0.108002 0.000000 0.000000 0.000000 1.000000
0.994129 0.060321 -0.089823 0.113010 -0.054428 0.996290 0.066669 82.452759 0.093511 -0.061389 0.993724 0.127208 0.000000 0.000000 0.000000 1.000000
0.994104 0.060398 -0.090048 0.097911 -0.054515 0.996302 0.066415 82.452545 0.093726 -0.061114 0.993721 0.148142 0.000000 0.000000 0.000000 1.000000
