<?xml version="1.0" encoding="utf-8"?>
<COLLADA xmlns="http://www.collada.org/2005/11/COLLADASchema" version="1.4.1">
  <asset><contributor><author>Mixamo</author><authoring_tool>COLLADA Mixamo exporter</authoring_tool><comments></comments></contributor><created>2017-03-27T20:52:49Z</created><modified>2017-03-27T20:52:49Z</modified><revision></revision><title></title><unit meter="0.010000"/><up_axis>Y_UP</up_axis></asset>
  <library_animations>
    <animation id="Hips-anim" name="Hips"><source id="Hips-Matrix-animation-input"><float_array id="Hips-Matrix-animation-input-array" count="66">

0.000000 0.033333 0.066667 0.100000 0.133333 0.166667 0.200000 0.233333 0.266667 0.300000 0.333333 0.366667 0.400000 0.433333 0.466667 0.500000
0.533333 0.566667 0.600000 0.633333 0.666667 0.700000 0.733333 0.766667 0.800000 0.833333 0.866667 0.900000 0.933333 0.966667 1.000000 1.033333
1.066667 1.100000 1.133333 1.166667 1.200000 1.233333 1.266667 1.300000 1.333333 1.366667 1.400000 1.433333 1.466667 1.500000 1.533333 1.566667
1.600000 1.633333 1.666667 1.700000 1.733333 1.766667 1.800000 1.833333 1.866667 1.900000 1.933333 1.966667 2.000000 2.033333 2.066667 2.100000
2.133333 2.166667</float_array><technique_common><accessor source="#Hips-Matrix-animation-input-array" count="66"><param name="TIME" type="float"/></accessor></technique_common></source><source id="Hips-Matrix-animation-output-transform"><float_array id="Hips-Matrix-animation-output-transform-array" count="1056">

0.993980 0.060953 -0.091037 0.018761 -0.055127 0.996349 0.065190 82.451050 0.094678 -0.059779 0.993712 0.246078 0.000000 0.000000 0.000000 1.000000
0.992903 0.059488 -0.102984 0.182487 -0.053962 0.996992 0.055637 82.443298 0.105984 -0.049685 0.993126 0.191380 0.000000 0.000000 0.000000 1.000000
0.991297 0.057538 -0.118407 0.422079 -0.052685 0.997654 0.043718 82.471481 0.120644 -0.037099 0.992002 0.117879 0.000000 0.000000 0.000000 1.000000
0.988977 0.054514 -0.137669 0.737912 -0.051089 0.998293 0.028295 82.507111 0.138976 -0.020949 0.990074 0.005975 0.000000 0.000000 0.000000 1.000000
0.985566 0.049947 -0.161756 1.123772 -0.049385 0.998752 0.007497 82.505905 0.161928 0.000600 0.986802 -0.177463 0.000000 0.000000 0.000000 1.000000
0.980442 0.042769 -0.192107 1.586135 -0.047701 0.998638 -0.021118 82.398613 0.190942 0.029869 0.981147 -0.480930 0.000000 0.000000 0.000000 1.000000
0.972821 0.031306 -0.229432 2.145060 -0.046119 0.997163 -0.059489 82.087120 0.226919 0.068454 0.971505 -0.950579 0.000000 0.000000 0.000000 1.000000
0.962205 0.014081 -0.271963 2.796611 -0.044962 0.993171 -0.107653 81.438965 0.268590 0.115812 0.956267 -1.607419 0.000000 0.000000 0.000000 1.000000
0.949007 -0.007793 -0.315160 3.490336 -0.046160 0.985485 -0.163364 80.327072 0.311858 0.169581 0.934873 -2.445194 0.000000 0.000000 0.000000 1.000000
0.934834 -0.029881 -0.353826 4.160772 -0.053387 0.973299 -0.223247 78.671310 0.351049 0.227588 0.908277 -3.442230 0.000000 0.000000 0.000000 1.000000
0.922122 -0.047775 -0.383937 4.774127 -0.068884 0.956219 -0.284430 76.442154 0.380717 0.288726 0.878460 -4.547180 0.000000 0.000000 0.000000 1.000000
0.913446 -0.059873 -0.402532 5.345423 -0.090877 0.934131 -0.345167 73.721527 0.396684 0.351872 0.847837 -5.650922 0.000000 0.000000 0.000000 1.000000
0.910787 -0.067858 -0.407262 5.908237 -0.113000 0.907770 -0.403962 70.736160 0.397112 0.413944 0.819117 -6.614947 0.000000 0.000000 0.000000 1.000000
0.914262 -0.073972 -0.398313 6.471331 -0.128241 0.879786 -0.457745 67.780380 0.384291 0.469579 0.794869 -7.343309 0.000000 0.000000 0.000000 1.000000
0.921204 -0.078897 -0.380996 7.007765 -0.133965 0.855032 -0.500972 65.092003 0.365289 0.512538 0.777090 -7.795568 0.000000 0.000000 0.000000 1.000000
0.927417 -0.082682 -0.364775 7.459135 -0.132374 0.839582 -0.526857 62.921444 0.349820 0.536903 0.767698 -7.910665 0.000000 0.000000 0.000000 1.000000
0.929729 -0.087186 -0.357776 7.796697 -0.124675 0.839665 -0.528601 61.688866 0.346498 0.536061 0.769791 -7.662092 0.000000 0.000000 0.000000 1.000000
0.925743 -0.096022 -0.365760 8.099541 -0.109298 0.858001 -0.501885 61.750290 0.362014 0.504593 0.783793 -7.119664 0.000000 0.000000 0.000000 1.000000
0.913159 -0.113425 -0.391503 8.384655 -0.082305 0.889406 -0.449648 62.995651 0.399206 0.442823 0.802834 -6.289146 0.000000 0.000000 0.000000 1.000000
0.892866 -0.136904 -0.429009 8.592209 -0.041492 0.923605 -0.381092 65.059792 0.448408 0.358065 0.818975 -5.111084 0.000000 0.000000 0.000000 1.000000
0.874560 -0.154975 -0.459486 8.554450 0.008612 0.952370 -0.304824 67.917526 0.484841 0.262630 0.834239 -3.753206 0.000000 0.000000 0.000000 1.000000
0.875331 -0.152525 -0.458837 8.115100 0.051080 0.972803 -0.225930 71.657417 0.480818 0.174326 0.859316 -2.507308 0.000000 0.000000 0.000000 1.000000
0.905429 -0.127003 -0.405054 7.243295 0.071236 0.986123 -0.149959 76.396530 0.418479 0.106923 0.901911 -1.581780 0.000000 0.000000 0.000000 1.000000
0.952800 -0.095893 -0.288056 5.935312 0.073136 0.993363 -0.088777 81.790337 0.294657 0.063519 0.953490 -1.008188 0.000000 0.000000 0.000000 1.000000
0.989045 -0.077626 -0.125557 4.430736 0.070509 0.995695 -0.060172 86.950439 0.129687 0.050660 0.990260 -0.819660 0.000000 0.000000 0.000000 1.000000
0.996569 -0.074197 0.036671 3.173557 0.076715 0.994387 -0.072859 90.867668 -0.031060 0.075423 0.996668 -1.218727 0.000000 0.000000 0.000000 1.000000
0.990212 -0.031163 0.136050 2.801635 0.047121 0.992166 -0.115702 94.876724 -0.131379 0.120980 0.983922 -2.318199 0.000000 0.000000 0.000000 1.000000
0.986501 0.011571 0.163346 2.905879 0.016112 0.985802 -0.167136 97.830864 -0.162961 0.167512 0.972308 -3.728656 0.000000 0.000000 0.000000 1.000000
0.987600 0.043539 0.150831 3.092007 -0.010603 0.977079 -0.212615 99.557983 -0.156630 0.208379 0.965425 -4.851025 0.000000 0.000000 0.000000 1.000000
0.989094 0.066117 0.131610 3.234645 -0.031237 0.967420 -0.251244 100.971504 -0.143934 0.244393 0.958934 -5.803088 0.000000 0.000000 0.000000 1.000000
0.989909 0.079400 0.117369 3.313078 -0.043021 0.957576 -0.284953 102.184387 -0.135015 0.277028 0.951329 -6.721966 0.000000 0.000000 0.000000 1.000000
0.991145 0.087080 0.100245 3.387719 -0.052541 0.950517 -0.306197 102.771156 -0.121948 0.298218 0.946676 -7.216828 0.000000 0.000000 0.000000 1.000000
0.992910 0.092516 0.074631 3.530490 -0.065643 0.950218 -0.304594 102.277039 -0.099096 0.297536 0.949554 -6.985788 0.000000 0.000000 0.000000 1.000000
0.994576 0.094965 0.042419 3.763899 -0.079354 0.956492 -0.280759 100.795868 -0.067236 0.275870 0.958841 -6.126274 0.000000 0.000000 0.000000 1.000000
0.995397 0.095434 0.008751 4.191350 -0.090322 0.964747 -0.247195 98.785980 -0.032034 0.245267 0.968926 -4.993482 0.000000 0.000000 0.000000 1.000000
0.995206 0.095910 -0.019136 4.875510 -0.097782 0.971956 -0.213870 96.495560 -0.001913 0.214716 0.976675 -3.715920 0.000000 0.000000 0.000000 1.000000
0.994626 0.097846 -0.033849 5.665015 -0.102325 0.978826 -0.177283 93.681099 0.015786 0.179794 0.983578 -1.958890 0.000000 0.000000 0.000000 1.000000
0.994272 0.103701 -0.025854 6.223621 -0.106206 0.985735 -0.130566 89.893318 0.011945 0.132564 0.991102 0.290750 0.000000 0.000000 0.000000 1.000000
0.993498 0.112608 0.016766 6.165056 -0.110835 0.990311 -0.083670 85.324562 -0.026026 0.081268 0.996352 2.328056 0.000000 0.000000 0.000000 1.000000
0.987019 0.128480 0.096364 5.273413 -0.122959 0.990522 -0.061215 80.571953 -0.103316 0.048572 0.993462 3.454318 0.000000 0.000000 0.000000 1.000000
0.967915 0.157241 0.196002 3.712950 -0.144606 0.986467 -0.077276 76.113907 -0.205500 0.046453 0.977554 3.460014 0.000000 0.000000 0.000000 1.000000
0.942313 0.193501 0.273135 2.285626 -0.166781 0.978895 -0.118102 72.291183 -0.290223 0.065736 0.954699 2.734849 0.000000 0.000000 0.000000 1.000000
0.931218 0.211459 0.296848 1.439606 -0.171137 0.972801 -0.156112 70.030785 -0.321785 0.094573 0.942078 1.648320 0.000000 0.000000 0.000000 1.000000
0.937459 0.204608 0.281612 0.946252 -0.159373 0.971524 -0.175334 69.464180 -0.309468 0.119487 0.943373 0.421033 0.000000 0.000000 0.000000 1.000000
0.944960 0.190921 0.265706 0.551900 -0.146228 0.972916 -0.179033 70.107430 -0.292691 0.130325 0.947284 -0.646846 0.000000 0.000000 0.000000 1.000000
0.945545 0.184167 0.268379 0.216706 -0.138685 0.973897 -0.179697 71.523743 -0.294468 0.132691 0.946405 -1.493072 0.000000 0.000000 0.000000 1.000000
0.945207 0.180739 0.271879 0.044631 -0.133695 0.974033 -0.182716 73.344849 -0.297843 0.136356 0.944826 -2.178211 0.000000 0.000000 0.000000 1.000000
0.953339 0.170834 0.248919 0.127052 -0.126914 0.974887 -0.182998 75.315544 -0.273930 0.142867 0.951079 -2.700388 0.000000 0.000000 0.000000 1.000000
0.968176 0.152059 0.198781 0.390175 -0.118209 0.977922 -0.172323 77.197289 -0.220595 0.143341 0.964775 -2.976036 0.000000 0.000000 0.000000 1.000000
0.980123 0.132117 0.147998 0.632119 -0.109978 0.982713 -0.148928 78.711929 -0.165116 0.129692 0.977710 -2.977926 0.000000 0.000000 0.000000 1.000000
0.985886 0.117952 0.118815 0.724417 -0.103744 0.987410 -0.119413 79.711113 -0.131404 0.105401 0.985710 -2.846168 0.000000 0.000000 0.000000 1.000000
0.988197 0.109040 0.107599 0.721752 -0.099435 0.990880 -0.090933 80.262955 -0.116533 0.079160 0.990027 -2.723917 0.000000 0.000000 0.000000 1.000000
0.990161 0.102343 0.095427 0.743938 -0.096339 0.993188 -0.065542 80.566650 -0.101485 0.055703 0.993276 -2.624698 0.000000 0.000000 0.000000 1.000000
0.992920 0.095602 0.070493 0.808180 -0.092807 0.994801 -0.041921 80.791031 -0.074135 0.035082 0.996631 -2.492033 0.000000 0.000000 0.000000 1.000000
0.995389 0.088496 0.037006 0.848022 -0.087822 0.995946 -0.019471 80.986771 -0.038579 0.016131 0.999125 -2.299148 0.000000 0.000000 0.000000 1.000000
0.996591 0.082274 0.006044 0.836265 -0.082280 0.996609 0.000795 81.154778 -0.005958 -0.001290 0.999981 -2.072864 0.000000 0.000000 0.000000 1.000000
0.996819 0.077856 -0.017058 0.805954 -0.077551 0.996828 0.017866 81.331421 0.018395 -0.016487 0.999695 -1.839850 0.000000 0.000000 0.000000 1.000000
0.996583 0.074855 -0.034927 0.779931 -0.073766 0.996779 0.031478 81.564835 0.037171 -0.028794 0.998894 -1.589513 0.000000 0.000000 0.000000 1.000000
0.996057 0.072144 -0.051638 0.746197 -0.070027 0.996673 0.041700 81.848213 0.054474 -0.037920 0.997795 -1.305236 0.000000 0.000000 0.000000 1.000000
0.995324 0.068998 -0.067596 0.694367 -0.065773 0.996639 0.048839 82.115555 0.070738 -0.044165 0.996517 -1.002603 0.000000 0.000000 0.000000 1.000000
0.994573 0.065680 -0.080686 0.632846 -0.061462 0.996664 0.053696 82.302246 0.083943 -0.048446 0.995292 -0.719140 0.000000 0.000000 0.000000 1.000000
0.993980 0.063003 -0.089634 0.565111 -0.058011 0.996673 0.057258 82.394806 0.092943 -0.051714 0.994328 -0.476999 0.000000 0.000000 0.000000 1.000000
0.993605 0.061491 -0.094700 0.475230 -0.055953 0.996625 0.060067 82.423958 0.098074 -0.054384 0.993692 -0.270370 0.000000 0.000000 0.000000 1.000000
0.993474 0.060994 -0.096379 0.347926 -0.055147 0.996539 0.062203 82.429893 0.099839 -0.056482 0.993399 -0.084352 0.000000 0.000000 0.000000 1.000000
0.993615 0.060939 -0.094952 0.188917 -0.055016 0.996445 0.063794 82.436028 0.098502 -0.058163 0.993436 0.087922 0.000000 0.000000 0.000000 1.000000
0.993980 0.060953 -0.091037 0.018762 -0.055127 0.996349 0.065190 82.451050 0.094678 -0.059779 0.993712 0.246078 0.000000 0.000000 0.000000 1.000000</float_array><technique_common><accessor source="#Hips-Matrix-animation-output-transform-array" count="66" stride="16"><param type="float4x4"/></accessor></technique_common></source><source id="Hips-Interpolations"><Name_array id="Hips-Interpolations-array" count="66">
 LINEAR LINEAR LINEAR LINEAR LINEAR LINEAR LINEAR LINEAR LINEAR LINEAR LINEAR
LINEAR LINEAR LINEAR LINEAR LINEAR LINEAR LINEAR LINEAR LINEAR LINEAR LINEAR LINEAR
LINEAR LINEAR LINEAR LINEAR LINEAR LINEAR LINEAR LINEAR LINEAR LINEAR LINEAR LINEAR
LINEAR LINEAR LINEAR LINEAR LINEAR LINEAR LINEAR LINEAR LINEAR LINEAR LINEAR LINEAR
LINEAR LINEAR LINEAR LINEAR LINEAR LINEAR LINEAR LINEAR LINEAR LINEAR LINEAR LINEAR
LINEAR LINEAR LINEAR LINEAR LINEAR LINEAR LINEAR</Name_array><technique_common><accessor source="#Hips-Interpolations-array" count="66"><param type="name"/></accessor></technique_common></source><sampler id="Hips-Matrix-animation-transform"><input semantic="INPUT" source="#Hips-Matrix-animation-input"/><input semantic="OUTPUT" source="#Hips-Matrix-animation-output-transform"/><input semantic="INTERPOLATION" source="#Hips-Interpolations"/></sampler><channel source="#Hips-Matrix-animation-transform" target="Hips/matrix"/></animation>
    <animation id="Pelvis-anim" name="Pelvis"><source id="Pelvis-Matrix-animation-input"><float_array id="Pelvis-Matrix-animation-input-array" count="66">

0.000000 0.033333 0.066667 0.100000 0.133333 0.166667 0.200000 0.233333 0.266667 0.300000 0.333333 0.366667 0.400000 0.433333 0.466667 0.500000
0.533333 0.566667 0.600000 0.633333 0.666667 0.700000 0.733333 0.766667 0.800000 0.833333 0.866667 0.900000 0.933333 0.966667 1.000000 1.033333
1.066667 1.100000 1.133333 1.166667 1.200000 1.233333 1.266667 1.300000 1.333333 1.366667 1.400000 1.433333 1.466667 1.500000 1.533333 1.566667
1.600000 1.633333 1.666667 1.700000 1.733333 1.766667 1.800000 1.833333 1.866667 1.900000 1.933333 1.966667 2.000000 2.033333 2.066667 2.100000
2.133333 2.166667</float_array><technique_common><accessor source="#Pelvis-Matrix-animation-input-array" count="66"><param name="TIME" type="float"/></accessor></technique_common></source><source id="Pelvis-Matrix-animation-output-transform"><float_array id="Pelvis-Matrix-animation-output-transform-array" count="1056">

1.000000 0.000000 0.000000 0.000000 -0.000000 1.000000 -0.000000 0.000000 0.000000 -0.000000 1.000000 0.000000 0.000000 0.000000 0.000000 1.000000
1.000000 -0.000000 0.000000 0.000000 0.000000 1.000000 0.000000 0.000000 0.000000 -0.000000 1.000000 0.000000 0.000000 0.000000 0.000000 1.000000
1.000000 -0.000000 0.000000 0.000000 0.000000 1.000000 0.000000 0.000000 0.000000 0.000000 1.000000 0.000000 0.000000 0.000000 0.000000 1.000000
1.000000 -0.000000 0.000000 0.000000 -0.000000 1.000000 0.000000 0.000000 0.000000 0.000000 1.000000 0.000000 0.000000 0.000000 0.000000 1.000000
1.000000 0.000000 0.000000 0.000000 0.000000 1.000000 -0.000000 0.000000 0.000000 0.000000 1.000000 0.000000 0.000000 0.000000 0.000000 1.000000
1.000000 0.000000 0.000000 0.000000 -0.000000 1.000000 0.000000 0.000000 0.000000 0.000000 1.000000 0.000000 0.000000 0.000000 0.000000 1.000000
1.000000 -0.000000 -0.000000 0.000000 -0.000000 1.000000 0.000000 0.000000 0.000000 0.000000 1.000000 0.000000 0.000000 0.000000 0.000000 1.000000
1.000000 0.000000 0.000000 0.000000 0.000000 1.000000 0.000000 0.000000 0.000000 -0.000000 1.000000 0.000000 0.000000 0.000000 0.000000 1.000000
1.000000 -0.000000 0.000000 0.000000 0.000000 1.000000 -0.000000 0.000000 0.000000 -0.000000 1.000000 0.000000 0.000000 0.000000 0.000000 1.000000
1.000000 0.000000 0.000000 0.000000 -0.000000 1.000000 -0.000000 0.000000 0.000000 0.000000 1.000000 0.000000 0.000000 0.000000 0.000000 1.000000
1.000000 0.000000 0.000000 0.000000 0.000000 1.000000 -0.000000 0.000000 0.000000 0.000000 1.000000 0.000000 0.000000 0.000000 0.000000 1.000000
1.000000 0.000000 0.000000 0.000000 0.000000 1.000000 0.000000 0.000000 0.000000 0.000000 1.000000 0.000000 0.000000 0.000000 0.000000 1.000000
1.000000 0.000000 0.000000 0.000000 0.000000 1.000000 0.000000 0.000000 0.000000 0.000000 1.000000 0.000000 0.000000 0.000000 0.000000 1.000000
1.000000 0.000000 0.000000 0.000000 -0.000000 1.000000 -0.000000 0.000000 0.000000 0.000000 1.000000 0.000000 0.000000 0.000000 0.000000 1.000000
1.000000 0.000000 0.000000 0.000000 0.000000 1.000000 0.000000 0.000000 0.000000 -0.000000 1.000000 0.000000 0.000000 0.000000 0.000000 1.000000
1.000000 0.000000 0.000000 0.000000 0.000000 1.000000 0.000000 0.000000 0.000000 -0.000000 1.000000 0.000000 0.000000 0.000000 0.000000 1.000000
1.000000 0.000000 0.000000 0.000000 0.000000 1.000000 0.000000 0.000000 0.000000 -0.000000 1.000000 0.000000 0.000000 0.000000 0.000000 1.000000
1.000000 0.000000 0.000000 0.000000 0.000000 1.000000 0.000000 0.000000 0.000000 -0.000000 1.000000 0.000000 0.000000 0.000000 0.000000 1.000000
1.000000 0.000000 -0.000000 0.000000 0.000000 1.000000 0.000000 0.000000 0.000000 0.000000 1.000000 0.000000 0.000000 0.000000 0.000000 1.000000
1.000000 0.000000 0.000000 0.000000 -0.000000 1.000000 0.000000 0.000000 0.000000 -0.000000 1.000000 0.000000 0.000000 0.000000 0.000000 1.000000
1.000000 0.000000 0.000000 0.000000 0.000000 1.000000 0.000000 0.000000 0.000000 0.000000 1.000000 0.000000 0.000000 0.000000 0.000000 1.000000
1.000000 -0.000000 -0.000000 0.000000 0.000000 1.000000 0.000000 0.000000 0.000000 0.000000 1.000000 0.000000 0.000000 0.000000 0.000000 1.000000
1.000000 0.000000 -0.000000 0.000000 0.000000 1.000000 -0.000000 0.000000 -0.000000 -0.000000 1.000000 0.000000 0.000000 0.000000 0.000000 1.000000
1.000000 -0.000000 0.000000 0.000000 0.000000 1.000000 0.000000 0.000000 -0.000000 0.000000 1.000000 0.000000 0.000000 0.000000 0.000000 1.000000
1.000000 -0.000000 0.000000 0.000000 -0.000000 1.000000 0.000000 0.000000 0.000000 -0.000000 1.000000 0.000000 0.000000 0.000000 0.000000 1.000000
1.000000 0.000000 0.000000 0.000000 -0.000000 1.000000 0.000000 0.000000 0.000000 0.000000 1.000000 0.000000 0.000000 0.000000 0.000000 1.000000
1.000000 0.000000 0.000000 0.000000 0.000000 1.000000 0.000000 0.000000 0.000000 0.000000 1.000000 0.000000 0.000000 0.000000 0.000000 1.000000
1.000000 0.000000 0.000000 0.000000 0.000000 1.000000 0.000000 0.000000 0.000000 0.000000 1.000000 0.000000 0.000000 0.000000 0.000000 1.000000
1.000000 0.000000 0.000000 0.000000 0.000000 1.000000 0.000000 0.000000 0.000000 -0.000000 1.000000 0.000000 0.000000 0.000000 0.000000 1.000000
1.000000 -0.000000 -0.000000 0.000000 -0.000000 1.000000 -0.000000 0.000000 -0.000000 0.000000 1.000000 0.000000 0.000000 0.000000 0.000000 1.000000
1.000000 -0.000000 0.000000 0.000000 0.000000 1.000000 0.000000 0.000000 0.000000 0.000000 1.000000 0.000000 0.000000 0.000000 0.000000 1.000000
1.000000 0.000000 0.000000 0.000000 0.000000 1.000000 -0.000000 0.000000 -0.000000 -0.000000 1.000000 0.000000 0.000000 0.000000 0.000000 1.000000
1.000000 0.000000 -0.000000 0.000000 0.000000 1.000000 0.000000 0.000000 0.000000 0.000000 1.000000 0.000000 0.000000 0.000000 0.000000 1.000000
1.000000 0.000000 0.000000 0.000000 0.000000 1.000000 0.000000 0.000000 0.000000 0.000000 1.000000 0.000000 0.000000 0.000000 0.000000 1.000000
1.000000 0.000000 0.000000 0.000000 -0.000000 1.000000 0.000000 0.000000 0.000000 0.000000 1.000000 0.000000 0.000000 0.000000 0.000000 1.000000
1.000000 -0.000000 0.000000 0.000000 0.000000 1.000000 0.000000 0.000000 -0.000000 0.000000 1.000000 0.000000 0.000000 0.000000 0.000000 1.000000
1.000000 0.000000 -0.000000 0.000000 -0.000000 1.000000 0.000000 0.000000 0.000000 -0.000000 1.000000 0.000000 0.000000 0.000000 0.000000 1.000000
1.000000 -0.000000 -0.000000 0.000000 0.000000 1.000000 0.000000 0.000000 -0.000000 0.000000 1.000000 0.000000 0.000000 0.000000 0.000000 1.000000
1.000000 -0.000000 0.000000 0.000000 -0.000000 1.000000 -0.000000 0.000000 -0.000000 -0.000000 1.000000 0.000000 0.000000 0.000000 0.000000 1.000000
1.000000 -0.000000 -0.000000 0.000000 -0.000000 1.000000 0.000000 0.000000 0.000000 0.000000 1.000000 0.000000 0.000000 0.000000 0.000000 1.000000
1.000000 -0.000000 -0.000000 0.000000 0.000000 1.000000 0.000000 0.000000 -0.000000 0.000000 1.000000 0.000000 0.000000 0.000000 0.000000 1.000000
1.000000 0.000000 0.000000 0.000000 0.000000 1.000000 0.000000 0.000000 0.000000 -0.000000 1.000000 0.000000 0.000000 0.000000 0.000000 1.000000
1.000000 -0.000000 0.000000 0.000000 -0.000000 1.000000 -0.000000 0.000000 0.000000 -0.000000 1.000000 0.000000 0.000000 0.000000 0.000000 1.000000
1.000000 0.000000 0.000000 0.000000 0.000000 1.000000 -0.000000 0.000000 0.000000 0.000000 1.000000 0.000000 0.000000 0.000000 0.000000 1.000000
1.000000 0.000000 0.000000 0.000000 0.000000 1.000000 0.000000 0.000000 -0.000000 0.000000 1.000000 0.000000 0.000000 0.000000 0.000000 1.000000
1.000000 0.000000 0.000000 0.000000 0.000000 1.000000 0.000000 0.000000 0.000000 -0.000000 1.000000 0.000000 0.000000 0.000000 0.000000 1.000000
1.000000 0.000000 0.000000 0.000000 0.000000 1.000000 0.000000 0.000000 -0.000000 0.000000 1.000000 0.000000 0.000000 0.000000 0.000000 1.000000
1.000000 0.000000 0.000000 0.000000 -0.000000 1.000000 -0.000000 0.000000 0.000000 0.000000 1.000000 0.000000 0.000000 0.000000 0.000000 1.000000
1.000000 -0.000000 0.000000 0.000000 0.000000 1.000000 0.000000 0.000000 0.000000 -0.000000 1.000000 0.000000 0.000000 0.000000 0.000000 1.000000
1.000000 0.000000 0.000000 0.000000 0.000000 1.000000 0.000000 0.000000 0.000000 -0.000000 1.000000 0.000000 0.000000 0.000000 0.000000 1.000000
1.000000 -0.000000 0.000000 0.000000 0.000000 1.000000 0.000000 0.000000 0.000000 0.000000 1.000000 0.000000 0.000000 0.000000 0.000000 1.000000
1.000000 -0.000000 -0.000000 0.000000 0.000000 1.000000 -0.000000 0.000000 -0.000000 -0.000000 1.000000 0.000000 0.000000 0.000000 0.000000 1.000000
1.000000 0.000000 0.000000 0.000000 0.000000 1.000000 0.000000 0.000000 -0.000000 -0.000000 1.000000 0.000000 0.000000 0.000000 0.000000 1.000000
1.000000 0.000000 -0.000000 0.000000 -0.000000 1.000000 0.000000 0.000000 0.000000 -0.000000 1.000000 0.000000 0.000000 0.000000 0.000000 1.000000
1.000000 0.000000 0.000000 0.000000 0.000000 1.000000 0.000000 0.000000 0.000000 0.000000 1.000000 0.000000 0.000000 0.000000 0.000000 1.000000
1.000000 -0.000000 0.000000 0.000000 -0.000000 1.000000 -0.000000 0.000000 0.000000 0.000000 1.000000 0.000000 0.000000 0.000000 0.000000 1.000000
1.000000 0.000000 0.000000 0.000000 -0.000000 1.000000 0.000000 0.000000 0.000000 -0.000000 1.000000 0.000000 0.000000 0.000000 0.000000 1.000000
1.000000 -0.000000 -0.000000 0.000000 -0.000000 1.000000 0.000000 0.000000 -0.000000 0.000000 1.000000 0.000000 0.000000 0.000000 0.000000 1.000000
1.000000 -0.000000 0.000000 0.000000 -0.000000 1.000000 0.000000 0.000000 -0.000000 0.000000 1.000000 0.000000 0.000000 0.000000 0.000000 1.000000
1.000000 -0.000000 0.000000 0.000000 -0.000000 1.000000 0.000000 0.000000 0.000000 0.000000 1.000000 0.000000 0.000000 0.000000 0.000000 1.000000
1.000000 -0.000000 0.000000 0.000000 0.000000 1.000000 0.000000 0.000000 0.000000 0.000000 1.000000 0.000000 0.000000 0.000000 0.000000 1.000000
1.000000 0.000000 -0.000000 0.000000 0.000000 1.000000 0.000000 0.000000 0.000000 0.000000 1.000000 0.000000 0.000000 0.000000 0.000000 1.000000
1.000000 0.000000 0.000000 0.000000 -0.000000 1.000000 0.000000 0.000000 0.000000 0.000000 1.000000 0.000000 0.000000 0.000000 0.000000 1.000000
1.000000 0.000000 0.000000 0.000000 -0.000000 1.000000 0.000000 0.000000 -0.000000 -0.000000 1.000000 0.000000 0.000000 0.000000 0.000000 1.000000
1.000000 0.000000 -0.000000 0.000000 0.000000 1.000000 0.000000 0.000000 0.000000 0.000000 1.000000 0.000000 0.000000 0.000000 0.000000 1.000000
1.000000 0.000000 0.000000 0.000000 0.000000 1.000000 -0.000000 0.000000 0.000000 -0.000000 1.000000 0.000000 0.000000 0.000000 0.000000 1.000000</float_array><technique_common><accessor source="#Pelvis-Matrix-animation-output-transform-array" count="66" stride="16"><param type="float4x4"/></accessor></technique_common></source><source id="Pelvis-Interpolations"><Name_array id="Pelvis-Interpolations-array" count="66">
 LINEAR LINEAR LINEAR LINEAR LINEAR LINEAR LINEAR LINEAR LINEAR LINEAR LINEAR
LINEAR LINEAR LINEAR LINEAR LINEAR LINEAR LINEAR LINEAR LINEAR LINEAR LINEAR LINEAR
LINEAR LINEAR LINEAR LINEAR LINEAR LINEAR LINEAR LINEAR LINEAR LINEAR LINEAR LINEAR
LINEAR LINEAR LINEAR LINEAR LINEAR LINEAR LINEAR LINEAR LINEAR LINEAR LINEAR LINEAR
LINEAR LINEAR LINEAR LINEAR LINEAR LINEAR LINEAR LINEAR LINEAR LINEAR LINEAR LINEAR
LINEAR LINEAR LINEAR LINEAR LINEAR LINEAR LINEAR</Name_array><technique_common><accessor source="#Pelvis-Interpolations-array" count="66"><param type="name"/></accessor></technique_common></source><sampler id="Pelvis-Matrix-animation-transform"><input semantic="INPUT" source="#Pelvis-Matrix-animation-input"/><input semantic="OUTPUT" source="#Pelvis-Matrix-animation-output-transform"/><input semantic="INTERPOLATION" source="#Pelvis-Interpolations"/></sampler><channel source="#Pelvis-Matrix-animation-transform" target="Pelvis/matrix"/></animation>
    <animation id="LeftUpLeg-anim" name="LeftUpLeg"><source id="LeftUpLeg-Matrix-animation-input"><float_array id="LeftUpLeg-Matrix-animation-input-array" count="66">

0.000000 0.033333 0.066667 0.100000 0.133333 0.166667 0.200000 0.233333 0.266667 0.300000 0.333333 0.366667 0.400000 0.433333 0.466667 0.500000
0.533333 0.566667 0.600000 0.633333 0.666667 0.700000 0.733333 0.766667 0.800000 0.833333 0.866667 0.900000 0.933333 0.966667 1.000000 1.033333
1.066667 1.100000 1.133333 1.166667 1.200000 1.233333 1.266667 1.300000 1.333333 1.366667 1.400000 1.433333 1.466667 1.500000 1.533333 1.566667
1.600000 1.633333 1.666667 1.700000 1.733333 1.766667 1.800000 1.833333 1.866667 1.900000 1.933333 1.966667 2.000000 2.033333 2.066667 2.100000
2.133333 2.166667</float_array><technique_common><accessor source="#LeftUpLeg-Matrix-animation-input-array" count="66"><param name="TIME" type="float"/></accessor></technique_common></source><source id="LeftUpLeg-Matrix-animation-output-transform"><float_array id="LeftUpLeg-Matrix-animation-output-transform-array" count="1056">

-0.952585 0.178629 0.246319 8.479700 -0.131505 -0.971722 0.196121 -4.795500 0.274386 0.154430 0.949138 -0.379100 0.000000 0.000000 0.000000 1.000000
-0.949851 0.182228 0.254120 8.479700 -0.130618 -0.969572 0.207051 -4.795500 0.284118 0.163475 0.944750 -0.379100 0.000000 0.000000 0.000000 1.000000
-0.947784 0.183493 0.260836 8.479700 -0.127787 -0.967873 0.216545 -4.795500 0.292191 0.171906 0.940783 -0.379100 0.000000 0.000000 0.000000 1.000000
-0.946586 0.182842 0.265601 8.479700 -0.122601 -0.965911 0.228002 -4.795500 0.298236 0.183260 0.936734 -0.379100 0.000000 0.000000 0.000000 1.000000
-0.945671 0.182772 0.268887 8.479700 -0.115523 -0.961955 0.247583 -4.795500 0.303908 0.203069 0.930807 -0.379100 0.000000 0.000000 0.000000 1.000000
-0.944542 0.186174 0.270519 8.479700 -0.106656 -0.953028 0.283483 -4.795500 0.310589 0.238909 0.920031 -0.379100 0.000000 0.000000 0.000000 1.000000
-0.943038 0.195368 0.269279 8.479700 -0.095593 -0.934402 0.343155 -4.795500 0.318656 0.297867 0.899852 -0.379100 0.000000 0.000000 0.000000 1.000000
-0.940594 0.211959 0.265246 8.479700 -0.081646 -0.899485 0.429255 -4.795500 0.329570 0.382099 0.863357 -0.379100 0.000000 0.000000 0.000000 1.000000
-0.935240 0.240087 0.260164 8.479700 -0.066580 -0.841067 0.536819 -4.795500 0.347698 0.484732 0.802584 -0.379100 0.000000 0.000000 0.000000 1.000000
-0.925038 0.283412 0.252948 8.479700 -0.051698 -0.753598 0.655299 -4.795500 0.376341 0.593100 0.711759 -0.379100 0.000000 0.000000 0.000000 1.000000
-0.911032 0.338316 0.235720 8.479700 -0.035867 -0.634521 0.772073 -4.795500 0.410774 0.694928 0.590203 -0.379100 0.000000 0.000000 0.000000 1.000000
-0.898624 0.390390 0.200177 8.479700 -0.017291 -0.487436 0.872987 -4.795500 0.438379 0.781026 0.444772 -0.379100 0.000000 0.000000 0.000000 1.000000
-0.893283 0.423727 0.150003 8.479700 0.004367 -0.325518 0.945526 -4.795500 0.449473 0.845277 0.288929 -0.379100 0.000000 0.000000 0.000000 1.000000
-0.894538 0.435196 0.102013 8.479700 0.030074 -0.169107 0.985139 -4.795500 0.445979 0.884312 0.138185 -0.379100 0.000000 0.000000 0.000000 1.000000
-0.897674 0.434804 0.071595 8.479700 0.061056 -0.038180 0.997404 -4.795500 0.436409 0.899715 0.007725 -0.379100 0.000000 0.000000 0.000000 1.000000
-0.899681 0.432334 0.060502 8.479700 0.090758 0.049675 0.994633 -4.795500 0.427009 0.900344 -0.083929 -0.379100 0.000000 0.000000 0.000000 1.000000
-0.902288 0.426313 0.064302 8.479700 0.106494 0.075857 0.991416 -4.795500 0.417775 0.901390 -0.113845 -0.379100 0.000000 0.000000 0.000000 1.000000
-0.907673 0.411501 0.082446 8.479700 0.102642 0.027182 0.994347 -4.795500 0.406933 0.911004 -0.066910 -0.379100 0.000000 0.000000 0.000000 1.000000
-0.914513 0.386487 0.119558 8.479700 0.090394 -0.092844 0.991569 -4.795500 0.394329 0.917610 0.049971 -0.379100 0.000000 0.000000 0.000000 1.000000
-0.919029 0.360066 0.160431 8.479700 0.079937 -0.228300 0.970304 -4.795500 0.386000 0.904562 0.181032 -0.379100 0.000000 0.000000 0.000000 1.000000
-0.923075 0.337220 0.184971 8.479700 0.062400 -0.343245 0.937171 -4.795500 0.379523 0.876621 0.295798 -0.379100 0.000000 0.000000 0.000000 1.000000
-0.934421 0.307817 0.179179 8.479700 0.031925 -0.428661 0.902901 -4.795500 0.354736 0.849411 0.390723 -0.379100 0.000000 0.000000 0.000000 1.000000
-0.954521 0.264260 0.138044 8.479700 0.001852 -0.457749 0.889080 -4.795500 0.298137 0.848901 0.436442 -0.379100 0.000000 0.000000 0.000000 1.000000
-0.976771 0.201739 0.072254 8.479700 -0.019427 -0.419162 0.907704 -4.795500 0.213405 0.885215 0.413344 -0.379100 0.000000 0.000000 0.000000 1.000000
-0.993981 0.109305 0.007385 8.479700 -0.024627 -0.288614 0.957129 -4.795500 0.106751 0.951186 0.289569 -0.379100 0.000000 0.000000 0.000000 1.000000
-0.999919 0.000253 -0.012713 8.479700 -0.012711 -0.047324 0.998799 -4.795500 -0.000349 0.998880 0.047323 -0.379100 0.000000 0.000000 0.000000 1.000000
-0.998329 -0.057319 0.007383 8.479700 -0.006524 0.238710 0.971069 -4.795500 -0.057423 0.969398 -0.238685 -0.379100 0.000000 0.000000 0.000000 1.000000
-0.995522 -0.054946 0.076924 8.479700 0.037599 0.516449 0.855492 -4.795500 -0.086733 0.854553 -0.512070 -0.379100 0.000000 0.000000 0.000000 1.000000
-0.986059 -0.010600 0.166060 8.479700 0.108630 0.714953 0.690682 -4.795500 -0.126046 0.699092 -0.703834 -0.379100 0.000000 0.000000 0.000000 1.000000
-0.974650 0.049906 0.218099 8.479700 0.174941 0.777679 0.603830 -4.795500 -0.139476 0.626677 -0.766695 -0.379100 0.000000 0.000000 0.000000 1.000000
-0.974753 0.121545 0.187306 8.479700 0.216462 0.720193 0.659141 -4.795500 -0.054781 0.683044 -0.728320 -0.379100 0.000000 0.000000 0.000000 1.000000
-0.973004 0.198458 0.117805 8.479700 0.212871 0.574541 0.790309 -4.795500 0.089159 0.794051 -0.601276 -0.379100 0.000000 0.000000 0.000000 1.000000
-0.958679 0.277579 0.062333 8.479700 0.166638 0.370310 0.913839 -4.795500 0.230580 0.886465 -0.401263 -0.379100 0.000000 0.000000 0.000000 1.000000
-0.935438 0.349756 0.051256 8.479700 0.102108 0.128533 0.986435 -4.795500 0.338423 0.927982 -0.155948 -0.379100 0.000000 0.000000 0.000000 1.000000
-0.914735 0.395221 0.084028 8.479700 0.038149 -0.122555 0.991728 -4.795500 0.402250 0.910374 0.097028 -0.379100 0.000000 0.000000 0.000000 1.000000
-0.911039 0.391041 0.130748 8.479700 -0.021403 -0.361525 0.932117 -4.795500 0.411764 0.846397 0.337732 -0.379100 0.000000 0.000000 0.000000 1.000000
-0.931358 0.329683 0.154536 8.479700 -0.073062 -0.585015 0.807725 -4.795500 0.356699 0.740990 0.568946 -0.379100 0.000000 0.000000 0.000000 1.000000
-0.960771 0.237530 0.143175 8.479700 -0.095101 -0.767093 0.634448 -4.795500 0.260529 0.595943 0.759590 -0.379100 0.000000 0.000000 0.000000 1.000000
-0.977198 0.169732 0.127576 8.479700 -0.084107 -0.861109 0.501415 -4.795500 0.194963 0.479251 0.855750 -0.379100 0.000000 0.000000 0.000000 1.000000
-0.979384 0.162075 0.120580 8.479700 -0.073622 -0.842223 0.534079 -4.795500 0.188116 0.514190 0.836792 -0.379100 0.000000 0.000000 0.000000 1.000000
-0.974914 0.209531 0.075091 8.479700 -0.110781 -0.749392 0.652793 -4.795500 0.193053 0.628099 0.753806 -0.379100 0.000000 0.000000 0.000000 1.000000
-0.971643 0.236354 0.006785 8.479700 -0.144130 -0.614771 0.775425 -4.795500 0.187446 0.752458 0.631403 -0.379100 0.000000 0.000000 0.000000 1.000000
-0.966732 0.255065 -0.019253 8.479700 -0.149926 -0.504038 0.850569 -4.795500 0.207246 0.825159 0.525510 -0.379100 0.000000 0.000000 0.000000 1.000000
-0.961284 0.275559 0.001114 8.479700 -0.130594 -0.459129 0.878718 -4.795500 0.242650 0.844552 0.477339 -0.379100 0.000000 0.000000 0.000000 1.000000
-0.960272 0.278114 0.023024 8.479700 -0.114040 -0.466378 0.877204 -4.795500 0.254701 0.839729 0.479565 -0.379100 0.000000 0.000000 0.000000 1.000000
-0.967158 0.253065 0.023731 8.479700 -0.109732 -0.499932 0.859085 -4.795500 0.229268 0.828267 0.511282 -0.379100 0.000000 0.000000 0.000000 1.000000
-0.974686 0.222795 0.018684 8.479700 -0.108962 -0.546332 0.830451 -4.795500 0.195228 0.807394 0.556778 -0.379100 0.000000 0.000000 0.000000 1.000000
-0.976920 0.211032 0.033045 8.479700 -0.103866 -0.604496 0.789808 -4.795500 0.186650 0.768147 0.612463 -0.379100 0.000000 0.000000 0.000000 1.000000
-0.974117 0.215298 0.068869 8.479700 -0.096954 -0.673173 0.733101 -4.795500 0.204196 0.707449 0.676624 -0.379100 0.000000 0.000000 0.000000 1.000000
-0.970195 0.218341 0.105117 8.479700 -0.094781 -0.741135 0.664632 -4.795500 0.223022 0.634859 0.739740 -0.379100 0.000000 0.000000 0.000000 1.000000
-0.969259 0.212261 0.124432 8.479700 -0.097156 -0.794812 0.599028 -4.795500 0.226050 0.568524 0.791001 -0.379100 0.000000 0.000000 0.000000 1.000000
-0.970798 0.202193 0.129112 8.479700 -0.100267 -0.830904 0.547307 -4.795500 0.217941 0.518379 0.826913 -0.379100 0.000000 0.000000 0.000000 1.000000
-0.971444 0.196284 0.133300 8.479700 -0.103166 -0.855354 0.507668 -4.795500 0.213666 0.479419 0.851178 -0.379100 0.000000 0.000000 0.000000 1.000000
-0.969219 0.197308 0.147253 8.479700 -0.106457 -0.875169 0.471960 -4.795500 0.221993 0.441757 0.869235 -0.379100 0.000000 0.000000 0.000000 1.000000
-0.964911 0.201572 0.168270 8.479700 -0.110433 -0.892946 0.436409 -4.795500 0.238223 0.402514 0.883874 -0.379100 0.000000 0.000000 0.000000 1.000000
-0.961025 0.203771 0.186839 8.479700 -0.114425 -0.908392 0.402158 -4.795500 0.251671 0.365105 0.896304 -0.379100 0.000000 0.000000 0.000000 1.000000
-0.959007 0.201940 0.198809 8.479700 -0.117546 -0.921831 0.369337 -4.795500 0.257852 0.330828 0.907781 -0.379100 0.000000 0.000000 0.000000 1.000000
-0.957904 0.197740 0.208130 8.479700 -0.119918 -0.934292 0.335736 -4.795500 0.260843 0.296644 0.918675 -0.379100 0.000000 0.000000 0.000000 1.000000
-0.956411 0.193056 0.219106 8.479700 -0.122059 -0.945895 0.300641 -4.795500 0.265291 0.260793 0.928228 -0.379100 0.000000 0.000000 0.000000 1.000000
-0.954839 0.187849 0.230205 8.479700 -0.123632 -0.955713 0.267073 -4.795500 0.270180 0.226551 0.935777 -0.379100 0.000000 0.000000 0.000000 1.000000
-0.954286 0.181883 0.237184 8.479700 -0.123927 -0.962887 0.239774 -4.795500 0.271992 0.199420 0.941410 -0.379100 0.000000 0.000000 0.000000 1.000000
-0.954733 0.176552 0.239403 8.479700 -0.123388 -0.967362 0.221327 -4.795500 0.270665 0.181769 0.945357 -0.379100 0.000000 0.000000 0.000000 1.000000
-0.955037 0.173881 0.240146 8.479700 -0.123590 -0.969721 0.210636 -4.795500 0.269500 0.171485 0.947609 -0.379100 0.000000 0.000000 0.000000 1.000000
-0.954460 0.174422 0.242040 8.479700 -0.125511 -0.970761 0.204624 -4.795500 0.270653 0.164927 0.948444 -0.379100 0.000000 0.000000 0.000000 1.000000
-0.953381 0.176666 0.244652 8.479700 -0.128541 -0.971239 0.200432 -4.795500 0.273025 0.159640 0.948669 -0.379100 0.000000 0.000000 0.000000 1.000000
-0.952585 0.178629 0.246318 8.479700 -0.131505 -0.971722 0.196121 -4.795500 0.274386 0.154430 0.949138 -0.379100 0.000000 0.000000 0.000000 1.000000</float_array><technique_common><accessor source="#LeftUpLeg-Matrix-animation-output-transform-array" count="66" stride="16"><param type="float4x4"/></accessor></technique_common></source><source id="LeftUpLeg-Interpolations"><Name_array id="LeftUpLeg-Interpolations-array" count="66">
 LINEAR LINEAR LINEAR LINEAR LINEAR LINEAR LINEAR LINEAR LINEAR LINEAR LINEAR
LINEAR LINEAR LINEAR LINEAR LINEAR LINEAR LINEAR LINEAR LINEAR LINEAR LINEAR LINEAR
LINEAR LINEAR LINEAR LINEAR LINEAR LINEAR LINEAR LINEAR LINEAR LINEAR LINEAR LINEAR
LINEAR LINEAR LINEAR LINEAR LINEAR LINEAR LINEAR LINEAR LINEAR LINEAR LINEAR LINEAR
LINEAR LINEAR LINEAR LINEAR LINEAR LINEAR LINEAR LINEAR LINEAR LINEAR LINEAR LINEAR
LINEAR LINEAR LINEAR LINEAR LINEAR LINEAR LINEAR</Name_array><technique_common><accessor source="#LeftUpLeg-Interpolations-array" count="66"><param type="name"/></accessor></technique_common></source><sampler id="LeftUpLeg-Matrix-animation-transform"><input semantic="INPUT" source="#LeftUpLeg-Matrix-animation-input"/><input semantic="OUTPUT" source="#LeftUpLeg-Matrix-animation-output-transform"/><input semantic="INTERPOLATION" source="#LeftUpLeg-Interpolations"/></sampler><channel source="#LeftUpLeg-Matrix-animation-transform" target="LeftUpLeg/matrix"/></animation>
    <animation id="LeftLeg-anim" name="LeftLeg"><source id="LeftLeg-Matrix-animation-input"><float_array id="LeftLeg-Matrix-animation-input-array" count="66">

0.000000 0.033333 0.066667 0.100000 0.133333 0.166667 0.200000 0.233333 0.266667 0.300000 0.333333 0.366667 0.400000 0.433333 0.466667 0.500000
0.533333 0.566667 0.600000 0.633333 0.666667 0.700000 0.733333 0.766667 0.800000 0.833333 0.866667 0.900000 0.933333 0.966667 1.000000 1.033333
1.066667 1.100000 1.133333 1.166667 1.200000 1.233333 1.266667 1.300000 1.333333 1.366667 1.400000 1.433333 1.466667 1.500000 1.533333 1.566667
1.600000 1.633333 1.666667 1.700000 1.733333 1.766667 1.800000 1.833333 1.866667 1.900000 1.933333 1.966667 2.000000 2.033333 2.066667 2.100000
2.133333 2.166667</float_array><technique_common><accessor source="#LeftLeg-Matrix-animation-input-array" count="66"><param name="TIME" type="float"/></accessor></technique_common></source><source id="LeftLeg-Matrix-animation-output-transform"><float_array id="LeftLeg-Matrix-animation-output-transform-array" count="1056">

0.995346 -0.070862 -0.065308 -0.144400 0.087710 0.946893 0.309355 32.554600 0.039918 -0.313643 0.948701 0.154600 0.000000 0.000000 0.000000 1.000000
0.995890 -0.061305 -0.066668 -0.144400 0.079263 0.946090 0.314056 32.554600 0.043821 -0.318050 0.947061 0.154600 0.000000 0.000000 0.000000 1.000000
0.995905 -0.052142 -0.073861 -0.144400 0.072792 0.946963 0.312990 32.554600 0.053623 -0.317085 0.946880 0.154600 0.000000 0.000000 0.000000 1.000000
0.995210 -0.043125 -0.087729 -0.144400 0.068436 0.948191 0.310244 32.554600 0.069805 -0.314761 0.946601 0.154600 0.000000 0.000000 0.000000 1.000000
0.993687 -0.032705 -0.107315 -0.144400 0.064998 0.947492 0.313103 32.554600 0.091440 -0.318101 0.943637 0.154600 0.000000 0.000000 0.000000 1.000000
0.991029 -0.019133 -0.132267 -0.144400 0.062468 0.941245 0.331896 32.554600 0.118146 -0.337181 0.933997 0.154600 0.000000 0.000000 0.000000 1.000000
0.986715 -0.001489 -0.162454 -0.144400 0.063444 0.924090 0.376872 32.554600 0.149561 -0.382172 0.911908 0.154600 0.000000 0.000000 0.000000 1.000000
0.982902 0.019075 -0.183139 -0.144400 0.067180 0.888906 0.453137 32.554600 0.171437 -0.457693 0.872426 0.154600 0.000000 0.000000 0.000000 1.000000
0.980096 0.042806 -0.193852 -0.144400 0.073517 0.828793 0.554704 32.554600 0.184408 -0.557915 0.809151 0.154600 0.000000 0.000000 0.000000 1.000000
0.979211 0.066832 -0.191519 -0.144400 0.080362 0.739091 0.668794 32.554600 0.186247 -0.670281 0.718356 0.154600 0.000000 0.000000 0.000000 1.000000
0.978196 0.085423 -0.189300 -0.144400 0.096346 0.620818 0.778012 32.554600 0.183981 -0.779286 0.599052 0.154600 0.000000 0.000000 0.000000 1.000000
0.977842 0.092629 -0.187736 -0.144400 0.120620 0.483663 0.866903 32.554600 0.171102 -0.870339 0.461773 0.154600 0.000000 0.000000 0.000000 1.000000
0.978233 0.090257 -0.186852 -0.144400 0.145582 0.343150 0.927930 32.554600 0.147870 -0.934934 0.322541 0.154600 0.000000 0.000000 0.000000 1.000000
0.978769 0.085766 -0.186162 -0.144400 0.164211 0.215434 0.962612 32.554600 0.122665 -0.972745 0.196777 0.154600 0.000000 0.000000 0.000000 1.000000
0.981541 0.083116 -0.172249 -0.144400 0.162998 0.107597 0.980742 32.554600 0.100049 -0.990714 0.092063 0.154600 0.000000 0.000000 0.000000 1.000000
