<?xml version="1.0" encoding="utf-8"?>
<COLLADA xmlns="http://www.collada.org/2005/11/COLLADASchema" version="1.4.1">
  <asset><contributor><author>Mixamo</author><authoring_tool>COLLADA Mixamo exporter</authoring_tool><comments></comments></contributor><created>2017-03-27T20:52:50Z</created><modified>2017-03-27T20:52:50Z</modified><revision></revision><title></title><unit meter="0.010000"/><up_axis>Y_UP</up_axis></asset>
  <library_animations>
    <animation id="Hips-anim" name="Hips"><source id="Hips-Matrix-animation-input"><float_array id="Hips-Matrix-animation-input-array" count="29">

0.000000 0.033333 0.066667 0.100000 0.133333 0.166667 0.200000 0.233333 0.266667 0.300000 0.333333 0.366667 0.400000 0.433333 0.466667 0.500000
0.533333 0.566667 0.600000 0.633333 0.666667 0.700000 0.733333 0.766667 0.800000 0.833333 0.866667 0.900000 0.933333</float_array><technique_common><accessor source="#Hips-Matrix-animation-input-array" count="29"><param name="TIME" type="float"/></accessor></technique_common></source><source id="Hips-Matrix-animation-output-transform"><float_array id="Hips-Matrix-animation-output-transform-array" count="464">

0.991437 0.076325 -0.105957 0.144469 -0.069682 0.995446 0.065049 81.871269 0.110439 -0.057108 0.992241 0.290320 0.000000 0.000000 0.000000 1.000000
0.996869 0.067146 -0.041766 0.009498 -0.064966 0.996556 0.051540 81.781746 0.045083 -0.048665 0.997797 -0.308618 0.000000 0.000000 0.000000 1.000000
0.997919 0.058845 0.026348 -0.275570 -0.059914 0.997327 0.041825 81.696571 -0.023817 -0.043317 0.998777 -0.948121 0.000000 0.000000 0.000000 1.000000
0.994207 0.052442 0.093815 -0.680735 -0.056003 0.997791 0.035733 81.662117 -0.091734 -0.040780 0.994948 -1.680778 0.000000 0.000000 0.000000 1.000000
0.986935 0.043563 0.155120 -1.234962 -0.049204 0.998253 0.032716 81.843971 -0.153424 -0.039922 0.987354 -2.467780 0.000000 0.000000 0.000000 1.000000
0.977407 0.033540 0.208686 -1.869481 -0.041116 0.998640 0.032070 82.088753 -0.207327 -0.039926 0.977457 -3.242711 0.000000 0.000000 0.000000 1.000000
0.966715 0.027894 0.254329 -2.473638 -0.037492 0.998753 0.032970 82.191154 -0.253092 -0.041408 0.966556 -3.964766 0.000000 0.000000 0.000000 1.000000
0.955227 0.024679 0.294844 -3.009608 -0.036271 0.998767 0.033908 82.196999 -0.293643 -0.043084 0.954944 -4.648698 0.000000 0.000000 0.000000 1.000000
0.941805 0.019387 0.335599 -3.478741 -0.032994 0.998846 0.034888 82.238518 -0.334536 -0.043931 0.941359 -5.305469 0.000000 0.000000 0.000000 1.000000
0.926094 0.014865 0.377000 -3.820190 -0.031547 0.998775 0.038114 82.234627 -0.375972 -0.047190 0.925429 -5.919702 0.000000 0.000000 0.000000 1.000000
0.910008 0.013127 0.414382 -3.971673 -0.034435 0.998438 0.043993 82.162674 -0.413157 -0.054303 0.909039 -6.498383 0.000000 0.000000 0.000000 1.000000
0.895143 0.013444 0.445577 -3.888200 -0.040403 0.997878 0.051060 82.052551 -0.443945 -0.063709 0.893786 -7.102660 0.000000 0.000000 0.000000 1.000000
0.880424 0.013697 0.473989 -3.647653 -0.046436 0.997269 0.057436 81.896584 -0.471907 -0.072579 0.878656 -7.747910 0.000000 0.000000 0.000000 1.000000
0.862710 0.004222 0.505682 -3.504277 -0.041526 0.997179 0.062520 81.673218 -0.503991 -0.074936 0.860452 -8.327146 0.000000 0.000000 0.000000 1.000000
0.839246 -0.008909 0.543679 -3.499366 -0.034058 0.997041 0.068910 81.431076 -0.542684 -0.076349 0.836460 -8.754867 0.000000 0.000000 0.000000 1.000000
0.808221 -0.017752 0.588611 -3.521960 -0.033901 0.996485 0.076602 81.271515 -0.587902 -0.081866 0.804779 -9.036686 0.000000 0.000000 0.000000 1.000000
0.766954 -0.022421 0.641311 -3.569733 -0.039562 0.995836 0.082128 81.261337 -0.640482 -0.088360 0.762873 -8.992723 0.000000 0.000000 0.000000 1.000000
0.716951 -0.027459 0.696582 -3.618855 -0.044850 0.995337 0.085397 81.360611 -0.695679 -0.092467 0.712377 -8.543530 0.000000 0.000000 0.000000 1.000000
0.661781 -0.032716 0.748983 -3.571344 -0.050208 0.994870 0.087819 81.543266 -0.748014 -0.095722 0.656743 -7.861372 0.000000 0.000000 0.000000 1.000000
0.598952 -0.034476 0.800042 -3.437986 -0.057976 0.994584 0.086263 81.809120 -0.798683 -0.098051 0.593709 -7.097902 0.000000 0.000000 0.000000 1.000000
0.524993 -0.035447 0.850368 -3.231010 -0.064302 0.994625 0.081159 82.056137 -0.848674 -0.097288 0.519892 -6.372405 0.000000 0.000000 0.000000 1.000000
0.416789 -0.041856 0.908039 -2.495862 -0.070955 0.994393 0.078404 82.143112 -0.906230 -0.097108 0.411482 -4.970792 0.000000 0.000000 0.000000 1.000000
0.328437 -0.047778 0.943317 -1.721272 -0.073067 0.994442 0.075807 82.022736 -0.941695 -0.093823 0.323121 -3.767216 0.000000 0.000000 0.000000 1.000000
0.260132 -0.050807 0.964236 -0.991285 -0.073672 0.994659 0.072286 81.982460 -0.962758 -0.089841 0.254999 -2.596381 0.000000 0.000000 0.000000 1.000000
0.202981 -0.052682 0.977764 -0.430096 -0.072884 0.994969 0.068740 81.971184 -0.976466 -0.085216 0.198120 -1.648780 0.000000 0.000000 0.000000 1.000000
0.156819 -0.054332 0.986132 -0.054738 -0.070859 0.995294 0.066105 81.936783 -0.985082 -0.080243 0.152231 -0.959725 0.000000 0.000000 0.000000 1.000000
0.124761 -0.055683 0.990623 0.172303 -0.069938 0.995447 0.064763 81.902527 -0.989719 -0.077362 0.120298 -0.482188 0.000000 0.000000 0.000000 1.000000
0.115731 -0.056630 0.991665 0.271590 -0.069813 0.995441 0.064993 81.880127 -0.990824 -0.076753 0.111250 -0.194126 0.000000 0.000000 0.000000 1.000000
0.110446 -0.057240 0.992232 0.289789 -0.069669 0.995438 0.065180 81.871185 -0.991437 -0.076327 0.105954 -0.144424 0.000000 0.000000 0.000000 1.000000</float_array><technique_common><accessor source="#Hips-Matrix-animation-output-transform-array" count="29" stride="16"><param type="float4x4"/></accessor></technique_common></source><source id="Hips-Interpolations"><Name_array id="Hips-Interpolations-array" count="29">
 LINEAR LINEAR LINEAR LINEAR LINEAR LINEAR LINEAR LINEAR LINEAR LINEAR LINEAR
LINEAR LINEAR LINEAR LINEAR LINEAR LINEAR LINEAR LINEAR LINEAR LINEAR LINEAR LINEAR
LINEAR LINEAR LINEAR LINEAR LINEAR LINEAR</Name_array><technique_common><accessor source="#Hips-Interpolations-array" count="29"><param type="name"/></accessor></technique_common></source><sampler id="Hips-Matrix-animation-transform"><input semantic="INPUT" source="#Hips-Matrix-animation-input"/><input semantic="OUTPUT" source="#Hips-Matrix-animation-output-transform"/><input semantic="INTERPOLATION" source="#Hips-Interpolations"/></sampler><channel source="#Hips-Matrix-animation-transform" target="Hips/matrix"/></animation>
    <animation id="Pelvis-anim" name="Pelvis"><source id="Pelvis-Matrix-animation-input"><float_array id="Pelvis-Matrix-animation-input-array" count="29">

0.000000 0.033333 0.066667 0.100000 0.133333 0.166667 0.200000 0.233333 0.266667 0.300000 0.333333 0.366667 0.400000 0.433333 0.466667 0.500000
0.533333 0.566667 0.600000 0.633333 0.666667 0.700000 0.733333 0.766667 0.800000 0.833333 0.866667 0.900000 0.933333</float_array><technique_common><accessor source="#Pelvis-Matrix-animation-input-array" count="29"><param name="TIME" type="float"/></accessor></technique_common></source><source id="Pelvis-Matrix-animation-output-transform"><float_array id="Pelvis-Matrix-animation-output-transform-array" count="464">

1.000000 0.000000 0.000000 0.000000 0.000000 1.000000 0.000000 0.000000 0.000000 -0.000000 1.000000 0.000000 0.000000 0.000000 0.000000 1.000000
1.000000 -0.000000 0.000000 0.000000 -0.000000 1.000000 0.000000 0.000000 -0.000000 -0.000000 1.000000 0.000000 0.000000 0.000000 0.000000 1.000000
1.000000 -0.000000 0.000000 0.000000 -0.000000 1.000000 -0.000000 0.000000 0.000000 0.000000 1.000000 0.000000 0.000000 0.000000 0.000000 1.000000
1.000000 0.000000 0.000000 0.000000 0.000000 1.000000 -0.000000 0.000000 -0.000000 0.000000 1.000000 0.000000 0.000000 0.000000 0.000000 1.000000
1.000000 -0.000000 0.000000 0.000000 -0.000000 1.000000 0.000000 0.000000 0.000000 0.000000 1.000000 0.000000 0.000000 0.000000 0.000000 1.000000
1.000000 -0.000000 0.000000 0.000000 -0.000000 1.000000 0.000000 0.000000 0.000000 0.000000 1.000000 0.000000 0.000000 0.000000 0.000000 1.000000
1.000000 0.000000 0.000000 0.000000 0.000000 1.000000 -0.000000 0.000000 0.000000 0.000000 1.000000 0.000000 0.000000 0.000000 0.000000 1.000000
1.000000 0.000000 -0.000000 0.000000 -0.000000 1.000000 0.000000 0.000000 -0.000000 -0.000000 1.000000 0.000000 0.000000 0.000000 0.000000 1.000000
1.000000 -0.000000 -0.000000 0.000000 0.000000 1.000000 -0.000000 0.000000 0.000000 -0.000000 1.000000 0.000000 0.000000 0.000000 0.000000 1.000000
1.000000 -0.000000 0.000000 0.000000 0.000000 1.000000 0.000000 0.000000 0.000000 0.000000 1.000000 0.000000 0.000000 0.000000 0.000000 1.000000
1.000000 0.000000 0.000000 0.000000 0.000000 1.000000 0.000000 0.000000 0.000000 0.000000 1.000000 0.000000 0.000000 0.000000 0.000000 1.000000
1.000000 0.000000 -0.000000 0.000000 0.000000 1.000000 0.000000 0.000000 0.000000 0.000000 1.000000 0.000000 0.000000 0.000000 0.000000 1.000000
1.000000 -0.000000 -0.000000 0.000000 0.000000 1.000000 0.000000 0.000000 0.000000 0.000000 1.000000 0.000000 0.000000 0.000000 0.000000 1.000000
1.000000 -0.000000 0.000000 0.000000 0.000000 1.000000 0.000000 0.000000 0.000000 0.000000 1.000000 0.000000 0.000000 0.000000 0.000000 1.000000
1.000000 -0.000000 0.000000 0.000000 0.000000 1.000000 0.000000 0.000000 0.000000 0.000000 1.000000 0.000000 0.000000 0.000000 0.000000 1.000000
1.000000 0.000000 -0.000000 0.000000 0.000000 1.000000 0.000000 0.000000 0.000000 0.000000 1.000000 0.000000 0.000000 0.000000 0.000000 1.000000
1.000000 0.000000 0.000000 0.000000 0.000000 1.000000 0.000000 0.000000 -0.000000 0.000000 1.000000 0.000000 0.000000 0.000000 0.000000 1.000000
1.000000 0.000000 0.000000 0.000000 -0.000000 1.000000 0.000000 0.000000 0.000000 0.000000 1.000000 0.000000 0.000000 0.000000 0.000000 1.000000
1.000000 -0.000000 -0.000000 0.000000 0.000000 1.000000 -0.000000 0.000000 0.000000 0.000000 1.000000 0.000000 0.000000 0.000000 0.000000 1.000000
1.000000 -0.000000 0.000000 0.000000 -0.000000 1.000000 0.000000 0.000000 0.000000 -0.000000 1.000000 0.000000 0.000000 0.000000 0.000000 1.000000
1.000000 0.000000 0.000000 0.000000 0.000000 1.000000 -0.000000 0.000000 0.000000 -0.000000 1.000000 0.000000 0.000000 0.000000 0.000000 1.000000
1.000000 0.000000 0.000000 0.000000 0.000000 1.000000 0.000000 0.000000 -0.000000 -0.000000 1.000000 0.000000 0.000000 0.000000 0.000000 1.000000
1.000000 0.000000 0.000000 0.000000 0.000000 1.000000 -0.000000 0.000000 0.000000 0.000000 1.000000 0.000000 0.000000 0.000000 0.000000 1.000000
1.000000 0.000000 -0.000000 0.000000 0.000000 1.000000 0.000000 0.000000 0.000000 -0.000000 1.000000 0.000000 0.000000 0.000000 0.000000 1.000000
1.000000 0.000000 0.000000 0.000000 -0.000000 1.000000 -0.000000 0.000000 0.000000 -0.000000 1.000000 0.000000 0.000000 0.000000 0.000000 1.000000
1.000000 -0.000000 0.000000 0.000000 0.000000 1.000000 0.000000 0.000000 0.000000 -0.000000 1.000000 0.000000 0.000000 0.000000 0.000000 1.000000
1.000000 -0.000000 0.000000 0.000000 -0.000000 1.000000 0.000000 0.000000 -0.000000 0.000000 1.000000 0.000000 0.000000 0.000000 0.000000 1.000000
1.000000 0.000000 0.000000 0.000000 0.000000 1.000000 0.000000 0.000000 -0.000000 -0.000000 1.000000 0.000000 0.000000 0.000000 0.000000 1.000000
1.000000 0.000000 0.000000 0.000000 0.000000 1.000000 0.000000 0.000000 0.000000 -0.000000 1.000000 0.000000 0.000000 0.000000 0.000000 1.000000</float_array><technique_common><accessor source="#Pelvis-Matrix-animation-output-transform-array" count="29" stride="16"><param type="float4x4"/></accessor></technique_common></source><source id="Pelvis-Interpolations"><Name_array id="Pelvis-Interpolations-array" count="29">
 LINEAR LINEAR LINEAR LINEAR LINEAR LINEAR LINEAR LINEAR LINEAR LINEAR LINEAR
LINEAR LINEAR LINEAR LINEAR LINEAR LINEAR LINEAR LINEAR LINEAR LINEAR LINEAR LINEAR
LINEAR LINEAR LINEAR LINEAR LINEAR LINEAR</Name_array><technique_common><accessor source="#Pelvis-Interpolations-array" count="29"><param type="name"/></accessor></technique_common></source><sampler id="Pelvis-Matrix-animation-transform"><input semantic="INPUT" source="#Pelvis-Matrix-animation-input"/><input semantic="OUTPUT" source="#Pelvis-Matrix-animation-output-transform"/><input semantic="INTERPOLATION" source="#Pelvis-Interpolations"/></sampler><channel source="#Pelvis-Matrix-animation-transform" target="Pelvis/matrix"/></animation>
    <animation id="LeftUpLeg-anim" name="LeftUpLeg"><source id="LeftUpLeg-Matrix-animation-input"><float_array id="LeftUpLeg-Matrix-animation-input-array" count="29">

0.000000 0.033333 0.066667 0.100000 0.133333 0.166667 0.200000 0.233333 0.266667 0.300000 0.333333 0.366667 0.400000 0.433333 0.466667 0.500000
0.533333 0.566667 0.600000 0.633333 0.666667 0.700000 0.733333 0.766667 0.800000 0.833333 0.866667 0.900000 0.933333</float_array><technique_common><accessor source="#LeftUpLeg-Matrix-animation-input-array" count="29"><param name="TIME" type="float"/></accessor></technique_common></source><source id="LeftUpLeg-Matrix-animation-output-transform"><float_array id="LeftUpLeg-Matrix-animation-output-transform-array" count="464">

-0.816370 0.251691 0.519800 8.479700 -0.099937 -0.948028 0.302086 -4.795500 0.568817 0.194666 0.799095 -0.379100 0.000000 0.000000 0.000000 1.000000
-0.814983 0.266229 0.514709 8.479700 -0.091479 -0.936188 0.339388 -4.795500 0.572219 0.229511 0.787331 -0.379100 0.000000 0.000000 0.000000 1.000000
-0.812467 0.288715 0.506499 8.479700 -0.088728 -0.919883 0.382025 -4.795500 0.576216 0.265442 0.772992 -0.379100 0.000000 0.000000 0.000000 1.000000
-0.807781 0.306416 0.503587 8.479700 -0.090637 -0.908687 0.407520 -4.795500 0.582474 0.283543 0.761793 -0.379100 0.000000 0.000000 0.000000 1.000000
-0.802856 0.314275 0.506610 8.479700 -0.094956 -0.906332 0.411760 -4.795500 0.588562 0.282478 0.757496 -0.379100 0.000000 0.000000 0.000000 1.000000
-0.799196 0.330218 0.502236 8.479700 -0.118189 -0.905592 0.407351 -4.795500 0.589336 0.266195 0.762774 -0.379100 0.000000 0.000000 0.000000 1.000000
-0.795822 0.342271 0.499517 8.479700 -0.139962 -0.906561 0.398194 -4.795500 0.589133 0.246978 0.769366 -0.379100 0.000000 0.000000 0.000000 1.000000
-0.796883 0.343374 0.497063 8.479700 -0.154920 -0.911404 0.381239 -4.795500 0.583932 0.226798 0.779478 -0.379100 0.000000 0.000000 0.000000 1.000000
-0.801164 0.330574 0.498856 8.479700 -0.160855 -0.921864 0.352553 -4.795500 0.576422 0.202209 0.791738 -0.379100 0.000000 0.000000 0.000000 1.000000
-0.796475 0.312920 0.517405 8.479700 -0.163441 -0.935240 0.314026 -4.795500 0.582163 0.165549 0.796040 -0.379100 0.000000 0.000000 0.000000 1.000000
-0.785340 0.286917 0.548562 8.479700 -0.160283 -0.950137 0.267488 -4.795500 0.597955 0.122144 0.792168 -0.379100 0.000000 0.000000 0.000000 1.000000
-0.784529 0.250472 0.567255 8.479700 -0.144198 -0.963404 0.225963 -4.795500 0.603093 0.095477 0.791936 -0.379100 0.000000 0.000000 0.000000 1.000000
-0.791368 0.226591 0.567797 8.479700 -0.119967 -0.968275 0.219206 -4.795500 0.599454 0.105356 0.793445 -0.379100 0.000000 0.000000 0.000000 1.000000
-0.793002 0.205438 0.573535 8.479700 -0.088989 -0.970391 0.224550 -4.795500 0.602685 0.127030 0.787804 -0.379100 0.000000 0.000000 0.000000 1.000000
-0.804050 0.194981 0.561681 8.479700 -0.072143 -0.969713 0.233351 -4.795500 0.590168 0.147105 0.793764 -0.379100 0.000000 0.000000 0.000000 1.000000
-0.812267 0.188125 0.552115 8.479700 -0.058918 -0.968182 0.243214 -4.795500 0.580302 0.165025 0.797506 -0.379100 0.000000 0.000000 0.000000 1.000000
-0.816720 0.184989 0.546578 8.479700 -0.050591 -0.966527 0.251527 -4.795500 0.574812 0.177775 0.798741 -0.379100 0.000000 0.000000 0.000000 1.000000
-0.818262 0.185060 0.544242 8.479700 -0.049015 -0.965777 0.254701 -4.795500 0.572752 0.181736 0.799330 -0.379100 0.000000 0.000000 0.000000 1.000000
-0.817927 0.186750 0.544169 8.479700 -0.052409 -0.966104 0.252776 -4.795500 0.572930 0.178233 0.799990 -0.379100 0.000000 0.000000 0.000000 1.000000
-0.817300 0.190133 0.543939 8.479700 -0.057431 -0.966170 0.251430 -4.795500 0.573343 0.174255 0.800571 -0.379100 0.000000 0.000000 0.000000 1.000000
-0.818386 0.192025 0.541638 8.479700 -0.059211 -0.965680 0.252894 -4.795500 0.571611 0.174894 0.801669 -0.379100 0.000000 0.000000 0.000000 1.000000
-0.819513 0.202903 0.535938 8.479700 -0.067756 -0.962967 0.260966 -4.795500 0.569042 0.177552 0.802912 -0.379100 0.000000 0.000000 0.000000 1.000000
-0.822866 0.214627 0.526144 8.479700 -0.073905 -0.958483 0.275405 -4.795500 0.563409 0.187736 0.804565 -0.379100 0.000000 0.000000 0.000000 1.000000
-0.820486 0.223708 0.526078 8.479700 -0.079348 -0.955910 0.282735 -4.795500 0.566134 0.190237 0.802061 -0.379100 0.000000 0.000000 0.000000 1.000000
-0.818154 0.229725 0.527115 8.479700 -0.082622 -0.954178 0.287606 -4.795500 0.569032 0.191755 0.799646 -0.379100 0.000000 0.000000 0.000000 1.000000
-0.817620 0.233794 0.526153 8.479700 -0.084106 -0.952541 0.292562 -4.795500 0.569582 0.194952 0.798480 -0.379100 0.000000 0.000000 0.000000 1.000000
-0.817421 0.238367 0.524408 8.479700 -0.086491 -0.950834 0.297380 -4.795500 0.569510 0.197728 0.797848 -0.379100 0.000000 0.000000 0.000000 1.000000
-0.816223 0.245806 0.522837 8.479700 -0.093759 -0.949337 0.299949 -4.795500 0.570078 0.195805 0.797917 -0.379100 0.000000 0.000000 0.000000 1.000000
-0.816370 0.251665 0.519813 8.479700 -0.099932 -0.948041 0.302046 -4.795500 0.568818 0.194635 0.799101 -0.379100 0.000000 0.000000 0.000000 1.000000</float_array><technique_common><accessor source="#LeftUpLeg-Matrix-animation-output-transform-array" count="29" stride="16"><param type="float4x4"/></accessor></technique_common></source><source id="LeftUpLeg-Interpolations"><Name_array id="LeftUpLeg-Interpolations-array" count="29">
 LINEAR LINEAR LINEAR LINEAR LINEAR LINEAR LINEAR LINEAR LINEAR LINEAR LINEAR
LINEAR LINEAR LINEAR LINEAR LINEAR LINEAR LINEAR LINEAR LINEAR LINEAR LINEAR LINEAR
LINEAR LINEAR LINEAR LINEAR LINEAR LINEAR</Name_array><technique_common><accessor source="#LeftUpLeg-Interpolations-array" count="29"><param type="name"/></accessor></technique_common></source><sampler id="LeftUpLeg-Matrix-animation-transform"><input semantic="INPUT" source="#LeftUpLeg-Matrix-animation-input"/><input semantic="OUTPUT" source="#LeftUpLeg-Matrix-animation-output-transform"/><input semantic="INTERPOLATION" source="#LeftUpLeg-Interpolations"/></sampler><channel source="#LeftUpLeg-Matrix-animation-transform" target="LeftUpLeg/matrix"/></animation>
    <animation id="LeftLeg-anim" name="LeftLeg"><source id="LeftLeg-Matrix-animation-input"><float_array id="LeftLeg-Matrix-animation-input-array" count="29">

0.000000 0.033333 0.066667 0.100000 0.133333 0.166667 0.200000 0.233333 0.266667 0.300000 0.333333 0.366667 0.400000 0.433333 0.466667 0.500000
0.533333 0.566667 0.600000 0.633333 0.666667 0.700000 0.733333 0.766667 0.800000 0.833333 0.866667 0.900000 0.933333</float_array><technique_common><accessor source="#LeftLeg-Matrix-animation-input-array" count="29"><param name="TIME" type="float"/></accessor></technique_common></source><source id="LeftLeg-Matrix-animation-output-transform"><float_array id="LeftLeg-Matrix-animation-output-transform-array" count="464">

0.989423 -0.111778 0.092455 -0.144400 0.064114 0.908703 0.412489 32.554600 -0.130121 -0.402199 0.906259 0.154600 0.000000 0.000000 0.000000 1.000000
0.991191 -0.086103 0.100630 -0.144400 0.034785 0.902396 0.429501 32.554600 -0.127790 -0.422217 0.897442 0.154600 0.000000 0.000000 0.000000 1.000000
0.991949 -0.063721 0.109440 -0.144400 0.006435 0.888434 0.458960 32.554600 -0.126476 -0.454560 0.881691 0.154600 0.000000 0.000000 0.000000 1.000000
0.991709 -0.040083 0.122094 -0.144400 -0.023537 0.877383 0.479214 32.554600 -0.126332 -0.478114 0.869165 0.154600 0.000000 0.000000 0.000000 1.000000
0.991292 -0.013421 0.130994 -0.144400 -0.052959 0.870159 0.489918 32.554600 -0.120561 -0.492589 0.861871 0.154600 0.000000 0.000000 0.000000 1.000000
0.999225 0.031154 -0.024046 -0.144400 -0.014668 0.861808 0.507023 32.554600 0.036519 -0.506277 0.861597 0.154600 0.000000 0.000000 0.000000 1.000000
0.995848 0.053814 -0.073418 -0.144400 -0.007561 0.852656 0.522418 32.554600 0.090713 -0.519694 0.849523 0.154600 0.000000 0.000000 0.000000 1.000000
0.991578 0.075968 -0.104892 -0.144400 -0.006940 0.839902 0.542694 32.554600 0.129326 -0.537395 0.833355 0.154600 0.000000 0.000000 0.000000 1.000000
0.990224 0.089161 -0.107272 -0.144400 -0.014028 0.828796 0.559375 32.554600 0.138781 -0.552402 0.821944 0.154600 0.000000 0.000000 0.000000 1.000000
0.987476 0.094728 -0.126168 -0.144400 -0.008102 0.829084 0.559066 32.554600 0.157563 -0.551041 0.819468 0.154600 0.000000 0.000000 0.000000 1.000000
0.989524 0.074434 -0.123703 -0.144400 0.002908 0.846391 0.532554 32.554600 0.144341 -0.527335 0.837307 0.154600 0.000000 0.000000 0.000000 1.000000
0.989707 0.030826 -0.139750 -0.144400 0.040576 0.876006 0.480591 32.554600 0.137237 -0.481315 0.865738 0.154600 0.000000 0.000000 0.000000 1.000000
0.983692 -0.025391 -0.178058 -0.144400 0.104314 0.887018 0.449798 32.554600 0.146520 -0.461037 0.875201 0.154600 0.000000 0.000000 0.000000 1.000000
0.983226 -0.063219 -0.171082 -0.144400 0.134782 0.883806 0.448018 32.554600 0.122881 -0.463562 0.877502 0.154600 0.000000 0.000000 0.000000 1.000000
0.979377 -0.070106 -0.189488 -0.144400 0.152359 0.872224 0.464771 32.554600 0.132693 -0.484056 0.864917 0.154600 0.000000 0.000000 0.000000 1.000000
0.975087 -0.085466 -0.204696 -0.144400 0.175184 0.862770 0.474277 32.554600 0.136071 -0.498321 0.856248 0.154600 0.000000 0.000000 0.000000 1.000000
0.973199 -0.105418 -0.204378 -0.144400 0.192391 0.860080 0.472491 32.554600 0.125973 -0.499148 0.857311 0.154600 0.000000 0.000000 0.000000 1.000000
0.971557 -0.118429 -0.205067 -0.144400 0.202441 0.864659 0.459763 32.554600 0.122864 -0.488200 0.864040 0.154600 0.000000 0.000000 0.000000 1.000000
0.970602 -0.125970 -0.205095 -0.144400 0.206331 0.874224 0.439499 32.554600 0.123936 -0.468896 0.874515 0.154600 0.000000 0.000000 0.000000 1.000000
0.970178 -0.129828 -0.204692 -0.144400 0.205688 0.887738 0.411843 32.554600 0.128244 -0.441664 0.887968 0.154600 0.000000 0.000000 0.000000 1.000000
0.970378 -0.129303 -0.204077 -0.144400 0.200890 0.901090 0.384292 32.554600 0.134202 -0.413906 0.900373 0.154600 0.000000 0.000000 0.000000 1.000000
0.970226 -0.130850 -0.203813 -0.144400 0.200628 0.905609 0.373658 32.554600 0.135682 -0.403423 0.904898 0.154600 0.000000 0.000000 0.000000 1.000000
0.980866 -0.131765 -0.143317 -0.144400 0.178968 0.900034 0.397377 32.554600 0.076630 -0.415423 0.906395 0.154600 0.000000 0.000000 0.000000 1.000000
0.988366 -0.135880 -0.068334 -0.144400 0.151965 0.900854 0.406655 32.554600 0.006302 -0.412309 0.911022 0.154600 0.000000 0.000000 0.000000 1.000000
0.990507 -0.137368 -0.005097 -0.144400 0.127519 0.904379 0.407232 32.554600 -0.051331 -0.404016 0.913311 0.154600 0.000000 0.000000 0.000000 1.000000
0.989809 -0.135593 0.043505 -0.144400 0.106302 0.906844 0.407840 32.554600 -0.094753 -0.399059 0.912016 0.154600 0.000000 0.000000 0.000000 1.000000
0.988217 -0.132441 0.076724 -0.144400 0.089967 0.908152 0.408859 32.554600 -0.123827 -0.397139 0.909367 0.154600 0.000000 0.000000 0.000000 1.000000
0.988381 -0.124082 0.087784 -0.144400 0.077636 0.908657 0.410263 32.554600 -0.130672 -0.398681 0.907732 0.154600 0.000000 0.000000 0.000000 1.000000
0.989424 -0.111755 0.092471 -0.144400 0.064103 0.908755 0.412377 32.554600 -0.130118 -0.402088 0.906308 0.154600 0.000000 0.000000 0.000000 1.000000</float_array><technique_common><accessor source="#LeftLeg-Matrix-animation-output-transform-array" count="29" stride="16"><param type="float4x4"/></accessor></technique_common></source><source id="LeftLeg-Interpolations"><Name_array id="LeftLeg-Interpolations-array" count="29">
 LINEAR LINEAR LINEAR LINEAR LINEAR LINEAR LINEAR LINEAR LINEAR LINEAR LINEAR
LINEAR LINEAR LINEAR LINEAR LINEAR LINEAR LINEAR LINEAR LINEAR LINEAR LINEAR LINEAR
LINEAR LINEAR LINEAR LINEAR LINEAR LINEAR</Name_array><technique_common><accessor source="#LeftLeg-Interpolations-array" count="29"><param type="name"/></accessor></technique_common></source><sampler id="LeftLeg-Matrix-animation-transform"><input semantic="INPUT" source="#LeftLeg-Matrix-animation-input"/><input semantic="OUTPUT" source="#LeftLeg-Matrix-animation-output-transform"/><input semantic="INTERPOLATION" source="#LeftLeg-Interpolations"/></sampler><channel source="#LeftLeg-Matrix-animation-transform" target="LeftLeg/matrix"/></animation>
    <animation id="LeftFoot-anim" name="LeftFoot"><source id="LeftFoot-Matrix-animation-input"><float_array id="LeftFoot-Matrix-animation-input-array" count="29">

0.000000 0.033333 0.066667 0.100000 0.133333 0.166667 0.200000 0.233333 0.266667 0.300000 0.333333 0.366667 0.400000 0.433333 0.466667 0.500000
0.533333 0.566667 0.600000 0.633333 0.666667 0.700000 0.733333 0.766667 0.800000 0.833333 0.866667 0.900000 0.933333</float_array><technique_common><accessor source="#LeftFoot-Matrix-animation-input-array" count="29"><param name="TIME" type="float"/></accessor></technique_common></source><source id="LeftFoot-Matrix-animation-output-transform"><float_array id="LeftFoot-Matrix-animation-output-transform-array" count="464">

0.988851 0.139701 0.051550 -0.002100 -0.054796 0.663279 -0.746364 32.777199 -0.138460 0.735218 0.663539 -0.086900 0.000000 0.000000 0.000000 1.000000
0.981443 0.174570 0.079338 -0.002100 -0.060302 0.673741 -0.736503 32.777199 -0.182025 0.718052 0.671765 -0.086900 0.000000 0.000000 0.000000 1.000000
0.972769 0.225667 0.052867 -0.002100 -0.118059 0.678718 -0.724848 32.777199 -0.199456 0.698868 0.686877 -0.086900 0.000000 0.000000 0.000000 1.000000
0.973882 0.226790 -0.010941 -0.002100 -0.166642 0.681206 -0.712873 32.777199 -0.154219 0.696078 0.701208 -0.086900 0.000000 0.000000 0.000000 1.000000
0.988403 0.107933 -0.106821 -0.002100 -0.151855 0.704786 -0.692977 32.777199 0.000491 0.701161 0.713002 -0.086900 0.000000 0.000000 0.000000 1.000000
0.987538 0.012424 -0.156889 -0.002100 -0.114297 0.741905 -0.660692 32.777199 0.108188 0.670390 0.734079 -0.086900 0.000000 0.000000 0.000000 1.000000
0.934889 -0.152795 -0.320368 -0.002100 -0.092629 0.766292 -0.635780 32.777199 0.342640 0.624060 0.702245 -0.086900 0.000000 0.000000 0.000000 1.000000
0.883735 -0.261269 -0.388266 -0.002100 -0.066167 0.751560 -0.656338 32.777199 0.463286 0.605719 0.646893 -0.086900 0.000000 0.000000 0.000000 1.000000
0.857519 -0.315070 -0.406684 -0.002100 -0.078105 0.701622 -0.708256 32.777199 0.508489 0.639107 0.577046 -0.086900 0.000000 0.000000 0.000000 1.000000
0.857484 -0.332283 -0.392823 -0.002100 -0.101125 0.639752 -0.761900 32.777199 0.504475 0.693041 0.514975 -0.086900 0.000000 0.000000 0.000000 1.000000
0.857211 -0.336189 -0.390086 -0.002100 -0.130882 0.590393 -0.796433 32.777199 0.498056 0.733766 0.462090 -0.086900 0.000000 0.000000 0.000000 1.000000
0.857117 -0.326768 -0.398212 -0.002100 -0.155537 0.572794 -0.804808 32.777199 0.491079 0.751751 0.440127 -0.086900 0.000000 0.000000 0.000000 1.000000
0.867565 -0.276786 -0.413183 -0.002100 -0.172579 0.611631 -0.772091 32.777199 0.466420 0.741146 0.482862 -0.086900 0.000000 0.000000 0.000000 1.000000
0.875488 -0.252035 -0.412309 -0.002100 -0.166495 0.643656 -0.746985 32.777199 0.453651 0.722624 0.521551 -0.086900 0.000000 0.000000 0.000000 1.000000
0.896097 -0.228756 -0.380368 -0.002100 -0.159318 0.634085 -0.756673 32.777199 0.414279 0.738652 0.531757 -0.086900 0.000000 0.000000 0.000000 1.000000
0.918121 -0.196399 -0.344211 -0.002100 -0.151850 0.627927 -0.763314 32.777199 0.366054 0.753083 0.546690 -0.086900 0.000000 0.000000 0.000000 1.000000
0.938297 -0.160340 -0.306413 -0.002100 -0.142606 0.627797 -0.765202 32.777199 0.315058 0.761683 0.566195 -0.086900 0.000000 0.000000 0.000000 1.000000
0.959941 -0.113158 -0.256335 -0.002100 -0.129622 0.631716 -0.764286 32.777199 0.248417 0.766896 0.591743 -0.086900 0.000000 0.000000 0.000000 1.000000
0.977801 -0.062182 -0.200099 -0.002100 -0.115187 0.638208 -0.761198 32.777199 0.175037 0.767349 0.616878 -0.086900 0.000000 0.000000 0.000000 1.000000
0.990592 -0.008571 -0.136577 -0.002100 -0.098511 0.648085 -0.755169 32.777199 0.094986 0.761519 0.641144 -0.086900 0.000000 0.000000 0.000000 1.000000
0.996761 0.046810 -0.065398 -0.002100 -0.080015 0.659156 -0.747737 32.777199 0.008106 0.750548 0.660767 -0.086900 0.000000 0.000000 0.000000 1.000000
0.991243 0.130037 0.022987 -0.002100 -0.069419 0.661211 -0.746981 32.777199 -0.112334 0.738844 0.664448 -0.086900 0.000000 0.000000 0.000000 1.000000
0.988104 0.147728 0.042752 -0.002100 -0.065207 0.654207 -0.753499 32.777199 -0.139281 0.741748 0.656057 -0.086900 0.000000 0.000000 0.000000 1.000000
0.988010 0.148680 0.041598 -0.002100 -0.066588 0.653454 -0.754032 32.777199 -0.139292 0.742221 0.655520 -0.086900 0.000000 0.000000 0.000000 1.000000
0.988015 0.148605 0.041745 -0.002100 -0.066981 0.656418 -0.751418 32.777199 -0.139067 0.739616 0.658505 -0.086900 0.000000 0.000000 0.000000 1.000000
0.988189 0.147004 0.043267 -0.002100 -0.065331 0.659560 -0.748807 32.777199 -0.138615 0.737136 0.661374 -0.086900 0.000000 0.000000 0.000000 1.000000
0.988370 0.145302 0.044853 -0.002100 -0.063432 0.662006 -0.746809 32.777199 -0.138205 0.735279 0.663524 -0.086900 0.000000 0.000000 0.000000 1.000000
0.988494 0.143933 0.046505 -0.002100 -0.061396 0.662783 -0.746290 32.777199 -0.138239 0.734848 0.663994 -0.086900 0.000000 0.000000 0.000000 1.000000
0.988852 0.139685 0.051582 -0.002100 -0.054792 0.663439 -0.746221 32.777199 -0.138457 0.735076 0.663696 -0.086900 0.000000 0.000000 0.000000 1.000000</float_array><technique_common><accessor source="#LeftFoot-Matrix-animation-output-transform-array" count="29" stride="16"><param type="float4x4"/></accessor></technique_common></source><source id="LeftFoot-Interpolations"><Name_array id="LeftFoot-Interpolations-array" count="29">
 LINEAR LINEAR LINEAR LINEAR LINEAR LINEAR LINEAR LINEAR LINEAR LINEAR LINEAR
LINEAR LINEAR LINEAR LINEAR LINEAR LINEAR LINEAR LINEAR LINEAR LINEAR LINEAR LINEAR
LINEAR LINEAR LINEAR LINEAR LINEAR LINEAR</Name_array><technique_common><accessor source="#LeftFoot-Interpolations-array" count="29"><param type="name"/></accessor></technique_common></source><sampler id="LeftFoot-Matrix-animation-transform"><input semantic="INPUT" source="#LeftFoot-Matrix-animation-input"/><input semantic="OUTPUT" source="#LeftFoot-Matrix-animation-output-transform"/><input semantic="INTERPOLATION" source="#LeftFoot-Interpolations"/></sampler><channel source="#LeftFoot-Matrix-animation-transform" target="LeftFoot/matrix"/></animation>
    <animation id="RightUpLeg-anim" name="RightUpLeg"><source id="RightUpLeg-Matrix-animation-input"><float_array id="RightUpLeg-Matrix-animation-input-array" count="29">

0.000000 0.033333 0.066667 0.100000 0.133333 0.166667 0.200000 0.233333 0.266667 0.300000 0.333333 0.366667 0.400000 0.433333 0.466667 0.500000
0.533333 0.566667 0.600000 0.633333 0.666667 0.700000 0.733333 0.766667 0.800000 0.833333 0.866667 0.900000 0.933333</float_array><technique_common><accessor source="#RightUpLeg-Matrix-animation-input-array" count="29"><param name="TIME" type="float"/></accessor></technique_common></source><source id="RightUpLeg-Matrix-animation-output-transform"><float_array id="RightUpLeg-Matrix-animation-output-transform-array" count="464">

-0.981528 0.065125 -0.179893 -8.479700 -0.070963 -0.997135 0.026203 -4.795500 -0.177672 0.038485 0.983337 -0.379100 0.000000 0.000000 0.000000 1.000000
-0.968501 0.053287 -0.243242 -8.479700 -0.067392 -0.996471 0.050037 -4.795500 -0.239717 0.064853 0.968674 -0.379100 0.000000 0.000000 0.000000 1.000000
-0.950422 0.041389 -0.308196 -8.479700 -0.065688 -0.995460 0.068884 -4.795500 -0.303945 0.085713 0.948826 -0.379100 0.000000 0.000000 0.000000 1.000000
-0.928061 0.032442 -0.371012 -8.479700 -0.066717 -0.994566 0.079922 -4.795500 -0.366403 0.098926 0.925183 -0.379100 0.000000 0.000000 0.000000 1.000000
-0.902835 0.027987 -0.429074 -8.479700 -0.066389 -0.994987 0.074793 -4.795500 -0.424830 0.096011 0.900167 -0.379100 0.000000 0.000000 0.000000 1.000000
-0.877187 0.027111 -0.479383 -8.479700 -0.065617 -0.995806 0.063752 -4.795500 -0.475645 0.087378 0.875287 -0.379100 0.000000 0.000000 0.000000 1.000000
-0.853227 0.028005 -0.520787 -8.479700 -0.068593 -0.995909 0.058825 -4.795500 -0.517009 0.085914 0.851657 -0.379100 0.000000 0.000000 0.000000 1.000000
-0.830278 0.026999 -0.556695 -8.479700 -0.072976 -0.995493 0.060559 -4.795500 -0.552551 0.090906 0.828506 -0.379100 0.000000 0.000000 0.000000 1.000000
-0.805636 0.023188 -0.591957 -8.479700 -0.074099 -0.995331 0.061857 -4.795500 -0.587758 0.093698 0.803593 -0.379100 0.000000 0.000000 0.000000 1.000000
-0.778982 0.016868 -0.626819 -8.479700 -0.072919 -0.995293 0.063837 -4.795500 -0.622792 0.095434 0.776546 -0.379100 0.000000 0.000000 0.000000 1.000000
-0.753531 0.009973 -0.657337 -8.479700 -0.070594 -0.995331 0.065823 -4.795500 -0.653611 0.096004 0.750717 -0.379100 0.000000 0.000000 0.000000 1.000000
-0.731835 0.001786 -0.681479 -8.479700 -0.066827 -0.995365 0.069157 -4.795500 -0.678197 0.096153 0.728563 -0.379100 0.000000 0.000000 0.000000 1.000000
-0.712559 -0.011857 -0.701511 -8.479700 -0.061301 -0.994981 0.079083 -4.795500 -0.698929 0.099355 0.708257 -0.379100 0.000000 0.000000 0.000000 1.000000
-0.789520 -0.046721 -0.611944 -8.479700 -0.062679 -0.985746 0.156128 -4.795500 -0.610515 0.161622 0.775338 -0.379100 0.000000 0.000000 0.000000 1.000000
-0.902882 -0.069695 -0.424201 -8.479700 -0.047751 -0.964405 0.260083 -4.795500 -0.427228 0.255080 0.867416 -0.379100 0.000000 0.000000 0.000000 1.000000
-0.935740 -0.101108 -0.337888 -8.479700 -0.014804 -0.945924 0.324051 -4.795500 -0.352381 0.308229 0.883642 -0.379100 0.000000 0.000000 0.000000 1.000000
-0.934778 -0.118152 -0.335007 -8.479700 -0.009801 -0.934128 0.356803 -4.795500 -0.355096 0.336815 0.872045 -0.379100 0.000000 0.000000 0.000000 1.000000
-0.943549 -0.108374 -0.313001 -8.479700 -0.012411 -0.932729 0.360365 -4.795500 -0.330999 0.343907 0.878731 -0.379100 0.000000 0.000000 0.000000 1.000000
-0.960033 -0.071084 -0.270708 -8.479700 -0.027460 -0.938622 0.343854 -4.795500 -0.278535 0.337545 0.899156 -0.379100 0.000000 0.000000 0.000000 1.000000
-0.976907 -0.015844 -0.213075 -8.479700 -0.052579 -0.948752 0.311616 -4.795500 -0.207092 0.315623 0.926010 -0.379100 0.000000 0.000000 0.000000 1.000000
-0.988313 0.027179 -0.149998 -8.479700 -0.067635 -0.960006 0.271687 -4.795500 -0.136615 0.278657 0.950624 -0.379100 0.000000 0.000000 0.000000 1.000000
-0.988354 0.033619 -0.148412 -8.479700 -0.061328 -0.980578 0.186294 -4.795500 -0.139266 0.193226 0.971220 -0.379100 0.000000 0.000000 0.000000 1.000000
-0.984787 0.031472 -0.170895 -8.479700 -0.048451 -0.994191 0.096113 -4.795500 -0.166877 0.102930 0.980590 -0.379100 0.000000 0.000000 0.000000 1.000000
-0.983478 0.039423 -0.176684 -8.479700 -0.051131 -0.996752 0.062210 -4.795500 -0.173658 0.070216 0.982300 -0.379100 0.000000 0.000000 0.000000 1.000000
-0.982931 0.048505 -0.177467 -8.479700 -0.057415 -0.997317 0.045419 -4.795500 -0.174788 0.054833 0.983078 -0.379100 0.000000 0.000000 0.000000 1.000000
-0.982473 0.054690 -0.178202 -8.479700 -0.062086 -0.997414 0.036192 -4.795500 -0.175761 0.046622 0.983328 -0.379100 0.000000 0.000000 0.000000 1.000000
-0.981991 0.060392 -0.179017 -8.479700 -0.066761 -0.997325 0.029763 -4.795500 -0.176741 0.041178 0.983396 -0.379100 0.000000 0.000000 0.000000 1.000000
-0.981600 0.064500 -0.179728 -8.479700 -0.070441 -0.997154 0.026863 -4.795500 -0.177483 0.039029 0.983350 -0.379100 0.000000 0.000000 0.000000 1.000000
-0.981528 0.065103 -0.179900 -8.479700 -0.070962 -0.997132 0.026323 -4.795500 -0.177670 0.038603 0.983333 -0.379100 0.000000 0.000000 0.000000 1.000000</float_array><technique_common><accessor source="#RightUpLeg-Matrix-animation-output-transform-array" count="29" stride="16"><param type="float4x4"/></accessor></technique_common></source><source id="RightUpLeg-Interpolations"><Name_array id="RightUpLeg-Interpolations-array" count="29">
 LINEAR LINEAR LINEAR LINEAR LINEAR LINEAR LINEAR LINEAR LINEAR LINEAR LINEAR
LINEAR LINEAR LINEAR LINEAR LINEAR LINEAR LINEAR LINEAR LINEAR LINEAR LINEAR LINEAR
LINEAR LINEAR LINEAR LINEAR LINEAR LINEAR</Name_array><technique_common><accessor source="#RightUpLeg-Interpolations-array" count="29"><param type="name"/></accessor></technique_common></source><sampler id="RightUpLeg-Matrix-animation-transform"><input semantic="INPUT" source="#RightUpLeg-Matrix-animation-input"/><input semantic="OUTPUT" source="#RightUpLeg-Matrix-animation-output-transform"/><input semantic="INTERPOLATION" source="#RightUpLeg-Interpolations"/></sampler><channel source="#RightUpLeg-Matrix-animation-transform" target="RightUpLeg/matrix"/></animation>
    <animation id="RightLeg-anim" name="RightLeg"><source id="RightLeg-Matrix-animation-input"><float_array id="RightLeg-Matrix-animation-input-array" count="29">

0.000000 0.033333 0.066667 0.100000 0.133333 0.166667 0.200000 0.233333 0.266667 0.300000 0.333333 0.366667 0.400000 0.433333 0.466667 0.500000
0.533333 0.566667 0.600000 0.633333 0.666667 0.700000 0.733333 0.766667 0.800000 0.833333 0.866667 0.900000 0.933333</float_array><technique_common><accessor source="#RightLeg-Matrix-animation-input-array" count="29"><param name="TIME" type="float"/></accessor></technique_common></source><source id="RightLeg-Matrix-animation-output-transform"><float_array id="RightLeg-Matrix-animation-output-transform-array" count="464">

0.978926 0.042802 0.199678 0.144400 -0.100206 0.952659 0.287054 32.554600 -0.177938 -0.301014 0.936872 0.154600 0.000000 0.000000 0.000000 1.000000
0.978573 0.042595 0.201445 0.144400 -0.105014 0.944801 0.310359 32.554600 -0.177106 -0.324863 0.929030 0.154600 0.000000 0.000000 0.000000 1.000000
0.978464 0.042642 0.201965 0.144400 -0.109239 0.937157 0.331367 32.554600 -0.175143 -0.346293 0.921632 0.154600 0.000000 0.000000 0.000000 1.000000
0.978448 0.042765 0.202016 0.144400 -0.111424 0.933012 0.342159 32.554600 -0.173851 -0.357294 0.917669 0.154600 0.000000 0.000000 0.000000 1.000000
0.978420 0.042718 0.202164 0.144400 -0.107820 0.940184 0.323154 32.554600 -0.176267 -0.337978 0.924500 0.154600 0.000000 0.000000 0.000000 1.000000
0.978656 0.042721 0.201018 0.144400 -0.101700 0.950660 0.293091 32.554600 -0.178579 -0.307279 0.934713 0.154600 0.000000 0.000000 0.000000 1.000000
0.978805 0.042831 0.200266 0.144400 -0.098829 0.955273 0.278723 32.554600 -0.179371 -0.292607 0.939259 0.154600 0.000000 0.000000 0.000000 1.000000
0.978750 0.042836 0.200531 0.144400 -0.098734 0.955557 0.277782 32.554600 -0.179719 -0.291679 0.939481 0.154600 0.000000 0.000000 0.000000 1.000000
0.978746 0.042877 0.200542 0.144400 -0.097933 0.956911 0.273368 32.554600 -0.180179 -0.287198 0.940772 0.154600 0.000000 0.000000 0.000000 1.000000
0.978646 0.042829 0.201043 0.144400 -0.098430 0.956271 0.275420 32.554600 -0.180456 -0.289328 0.940067 0.154600 0.000000 0.000000 0.000000 1.000000
0.978396 0.042668 0.202288 0.144400 -0.100463 0.953300 0.284827 32.554600 -0.180688 -0.298997 0.936991 0.154600 0.000000 0.000000 0.000000 1.000000
0.978319 0.042609 0.202675 0.144400 -0.103090 0.948947 0.298116 32.554600 -0.179626 -0.312546 0.932765 0.154600 0.000000 0.000000 0.000000 1.000000
0.978443 0.042563 0.202082 0.144400 -0.106916 0.941588 0.319345 32.554600 -0.176686 -0.334067 0.925841 0.154600 0.000000 0.000000 0.000000 1.000000
0.978436 0.042922 0.202043 0.144400 -0.128771 0.891565 0.434199 32.554600 -0.161498 -0.450854 0.877866 0.154600 0.000000 0.000000 0.000000 1.000000
0.979748 0.007061 0.200108 0.144400 -0.125656 0.799774 0.587003 32.554600 -0.155897 -0.600260 0.784464 0.154600 0.000000 0.000000 0.000000 1.000000
0.989072 -0.046919 0.139766 0.144400 -0.063087 0.722138 0.688866 32.554600 -0.133251 -0.690156 0.711287 0.154600 0.000000 0.000000 0.000000 1.000000
