<?xml version="1.0" encoding="utf-8"?>
<COLLADA xmlns="http://www.collada.org/2005/11/COLLADASchema" version="1.4.1">
  <asset><contributor><author>Mixamo</author><authoring_tool>COLLADA Mixamo exporter</authoring_tool><comments></comments></contributor><created>2017-03-27T20:52:44Z</created><modified>2017-03-27T20:52:44Z</modified><revision></revision><title></title><unit meter="0.010000"/><up_axis>Y_UP</up_axis></asset>
  <library_animations>
    <animation id="Hips-anim" name="Hips"><source id="Hips-Matrix-animation-input"><float_array id="Hips-Matrix-animation-input-array" count="32">

0.000000 0.033333 0.066667 0.100000 0.133333 0.166667 0.200000 0.233333 0.266667 0.300000 0.333333 0.366667 0.400000 0.433333 0.466667 0.500000
0.533333 0.566667 0.600000 0.633333 0.666667 0.700000 0.733333 0.766667 0.800000 0.833333 0.866667 0.900000 0.933333 0.966667 1.000000 1.033333</float_array><technique_common><accessor source="#Hips-Matrix-animation-input-array" count="32"><param name="TIME" type="float"/></accessor></technique_common></source><source id="Hips-Matrix-animation-output-transform"><float_array id="Hips-Matrix-animation-output-transform-array" count="512">

0.404127 0.134986 0.904688 0.602246 -0.040553 0.990723 -0.129708 80.006607 -0.913804 0.015730 0.405851 0.126602 0.000000 0.000000 0.000000 1.000000
0.405147 0.127535 0.905312 4.408297 -0.016183 0.991068 -0.132373 80.682312 -0.914108 0.038980 0.403592 0.527831 0.000000 0.000000 0.000000 1.000000
0.410702 0.128850 0.902619 8.228764 -0.009919 0.990537 -0.136887 80.930481 -0.911716 0.047267 0.408093 0.824876 0.000000 0.000000 0.000000 1.000000
0.420358 0.137383 0.896897 12.219135 -0.021797 0.989715 -0.141385 80.699455 -0.907096 0.039882 0.419029 1.020003 0.000000 0.000000 0.000000 1.000000
0.439077 0.150538 0.885748 16.552076 -0.050127 0.988432 -0.143141 79.843933 -0.897050 0.018450 0.441544 1.113284 0.000000 0.000000 0.000000 1.000000
0.464804 0.158379 0.871133 21.212070 -0.080371 0.987357 -0.136626 78.514275 -0.881758 -0.006509 0.471657 1.175365 0.000000 0.000000 0.000000 1.000000
0.481480 0.158350 0.862034 25.633570 -0.091223 0.987256 -0.130401 77.201004 -0.871697 -0.015852 0.489789 1.256355 0.000000 0.000000 0.000000 1.000000
0.486236 0.147690 0.861256 29.989149 -0.076390 0.989024 -0.126473 75.908279 -0.870482 -0.004296 0.492181 1.274124 0.000000 0.000000 0.000000 1.000000
0.486997 0.123257 0.864663 35.055904 -0.048289 0.992278 -0.114251 75.142632 -0.872068 0.013886 0.489188 1.086493 0.000000 0.000000 0.000000 1.000000
0.484801 0.109007 0.867805 40.751087 -0.032850 0.993772 -0.106478 74.931519 -0.874007 0.023113 0.485363 0.639938 0.000000 0.000000 0.000000 1.000000
0.482598 0.102878 0.869779 45.741379 -0.010903 0.993706 -0.111486 74.348122 -0.875774 0.044320 0.480682 0.268761 0.000000 0.000000 0.000000 1.000000
0.485041 0.085472 0.870304 50.210842 0.021488 0.993747 -0.109571 74.230370 -0.874227 0.071848 0.480171 0.020582 0.000000 0.000000 0.000000 1.000000
0.493239 0.065289 0.867441 54.639339 0.048925 0.993519 -0.102598 74.678421 -0.868517 0.093045 0.486848 -0.130285 0.000000 0.000000 0.000000 1.000000
0.481966 0.061010 0.874063 59.221424 0.051785 0.993845 -0.097926 75.868355 -0.874659 0.092460 0.475840 -0.232496 0.000000 0.000000 0.000000 1.000000
0.456033 0.060074 0.887933 63.804199 0.047463 0.994658 -0.091671 77.342300 -0.888696 0.083949 0.450745 -0.205829 0.000000 0.000000 0.000000 1.000000
0.435426 0.059687 0.898244 68.341652 0.039166 0.995599 -0.085141 78.763191 -0.899372 0.072253 0.431171 -0.103641 0.000000 0.000000 0.000000 1.000000
0.416347 0.065361 0.906854 72.749870 0.022109 0.996390 -0.081965 79.928558 -0.908937 0.054175 0.413398 -0.002861 0.000000 0.000000 0.000000 1.000000
0.388181 0.077923 0.918283 77.063408 0.003167 0.996300 -0.085882 80.475906 -0.921578 0.036246 0.386498 0.157860 0.000000 0.000000 0.000000 1.000000
0.352584 0.090365 0.931407 81.376991 -0.002648 0.995419 -0.095573 80.388824 -0.935776 0.031231 0.351208 0.391916 0.000000 0.000000 0.000000 1.000000
0.303744 0.096486 0.947855 85.727417 0.004257 0.994711 -0.102620 79.756050 -0.952744 0.035206 0.301727 0.614241 0.000000 0.000000 0.000000 1.000000
0.229344 0.095701 0.968629 90.438889 0.023136 0.994338 -0.103719 78.361908 -0.973071 0.046198 0.225831 0.794580 0.000000 0.000000 0.000000 1.000000
0.152943 0.093473 0.983804 95.293251 0.046269 0.993748 -0.101611 76.734001 -0.987151 0.061060 0.147662 0.894545 0.000000 0.000000 0.000000 1.000000
0.103728 0.094895 0.990068 99.951637 0.056212 0.993288 -0.101093 75.443825 -0.993016 0.066140 0.097697 0.858877 0.000000 0.000000 0.000000 1.000000
0.098604 0.100615 0.990027 104.873528 0.045203 0.993396 -0.105459 74.556396 -0.994100 0.055151 0.093404 0.809635 0.000000 0.000000 0.000000 1.000000
0.123701 0.106210 0.986619 110.255165 0.022527 0.993699 -0.109797 74.009674 -0.992064 0.035807 0.120528 0.810668 0.000000 0.000000 0.000000 1.000000
0.174327 0.116092 0.977820 115.276894 -0.024889 0.993228 -0.113484 74.318138 -0.984373 -0.004554 0.176036 0.674189 0.000000 0.000000 0.000000 1.000000
0.227341 0.127496 0.965433 119.668442 -0.073104 0.990829 -0.113635 74.532379 -0.971067 -0.044743 0.234577 0.519283 0.000000 0.000000 0.000000 1.000000
0.276801 0.137930 0.950977 123.560783 -0.107583 0.987871 -0.111966 74.895424 -0.954886 -0.071317 0.288283 0.497742 0.000000 0.000000 0.000000 1.000000
0.319774 0.142456 0.936723 127.874893 -0.116152 0.987070 -0.110462 76.068558 -0.940347 -0.073479 0.332186 0.465022 0.000000 0.000000 0.000000 1.000000
0.357564 0.138780 0.923519 132.182358 -0.093509 0.989247 -0.112452 77.499794 -0.929195 -0.046149 0.366697 0.321251 0.000000 0.000000 0.000000 1.000000
0.388914 0.135264 0.911290 136.355301 -0.066234 0.990708 -0.118785 78.827927 -0.918890 -0.014161 0.394259 0.164841 0.000000 0.000000 0.000000 1.000000
0.404126 0.134986 0.904688 140.369583 -0.040553 0.990723 -0.129708 80.006607 -0.913804 0.015730 0.405851 0.126599 0.000000 0.000000 0.000000 1.000000</float_array><technique_common><accessor source="#Hips-Matrix-animation-output-transform-array" count="32" stride="16"><param type="float4x4"/></accessor></technique_common></source><source id="Hips-Interpolations"><Name_array id="Hips-Interpolations-array" count="32">
 LINEAR LINEAR LINEAR LINEAR LINEAR LINEAR LINEAR LINEAR LINEAR LINEAR LINEAR
LINEAR LINEAR LINEAR LINEAR LINEAR LINEAR LINEAR LINEAR LINEAR LINEAR LINEAR LINEAR
LINEAR LINEAR LINEAR LINEAR LINEAR LINEAR LINEAR LINEAR LINEAR</Name_array><technique_common><accessor source="#Hips-Interpolations-array" count="32"><param type="name"/></accessor></technique_common></source><sampler id="Hips-Matrix-animation-transform"><input semantic="INPUT" source="#Hips-Matrix-animation-input"/><input semantic="OUTPUT" source="#Hips-Matrix-animation-output-transform"/><input semantic="INTERPOLATION" source="#Hips-Interpolations"/></sampler><channel source="#Hips-Matrix-animation-transform" target="Hips/matrix"/></animation>
    <animation id="Pelvis-anim" name="Pelvis"><source id="Pelvis-Matrix-animation-input"><float_array id="Pelvis-Matrix-animation-input-array" count="32">

0.000000 0.033333 0.066667 0.100000 0.133333 0.166667 0.200000 0.233333 0.266667 0.300000 0.333333 0.366667 0.400000 0.433333 0.466667 0.500000
0.533333 0.566667 0.600000 0.633333 0.666667 0.700000 0.733333 0.766667 0.800000 0.833333 0.866667 0.900000 0.933333 0.966667 1.000000 1.033333</float_array><technique_common><accessor source="#Pelvis-Matrix-animation-input-array" count="32"><param name="TIME" type="float"/></accessor></technique_common></source><source id="Pelvis-Matrix-animation-output-transform"><float_array id="Pelvis-Matrix-animation-output-transform-array" count="512">

1.000000 0.000000 0.000000 0.000000 -0.000000 1.000000 -0.000000 0.000000 0.000000 -0.000000 1.000000 0.000000 0.000000 0.000000 0.000000 1.000000
1.000000 0.000000 0.000000 0.000000 0.000000 1.000000 -0.000000 0.000000 0.000000 0.000000 1.000000 0.000000 0.000000 0.000000 0.000000 1.000000
1.000000 -0.000000 -0.000000 0.000000 -0.000000 1.000000 -0.000000 0.000000 -0.000000 -0.000000 1.000000 0.000000 0.000000 0.000000 0.000000 1.000000
1.000000 -0.000000 -0.000000 0.000000 0.000000 1.000000 0.000000 0.000000 0.000000 0.000000 1.000000 0.000000 0.000000 0.000000 0.000000 1.000000
1.000000 0.000000 0.000000 0.000000 -0.000000 1.000000 -0.000000 0.000000 0.000000 -0.000000 1.000000 0.000000 0.000000 0.000000 0.000000 1.000000
1.000000 -0.000000 0.000000 0.000000 -0.000000 1.000000 -0.000000 0.000000 0.000000 -0.000000 1.000000 0.000000 0.000000 0.000000 0.000000 1.000000
1.000000 -0.000000 0.000000 0.000000 -0.000000 1.000000 0.000000 0.000000 -0.000000 -0.000000 1.000000 0.000000 0.000000 0.000000 0.000000 1.000000
1.000000 -0.000000 -0.000000 0.000000 0.000000 1.000000 0.000000 0.000000 0.000000 0.000000 1.000000 0.000000 0.000000 0.000000 0.000000 1.000000
1.000000 0.000000 0.000000 0.000000 0.000000 1.000000 0.000000 0.000000 0.000000 -0.000000 1.000000 0.000000 0.000000 0.000000 0.000000 1.000000
1.000000 0.000000 0.000000 0.000000 0.000000 1.000000 0.000000 0.000000 0.000000 -0.000000 1.000000 0.000000 0.000000 0.000000 0.000000 1.000000
1.000000 0.000000 0.000000 0.000000 -0.000000 1.000000 0.000000 0.000000 0.000000 -0.000000 1.000000 0.000000 0.000000 0.000000 0.000000 1.000000
1.000000 -0.000000 0.000000 0.000000 0.000000 1.000000 -0.000000 0.000000 0.000000 -0.000000 1.000000 0.000000 0.000000 0.000000 0.000000 1.000000
1.000000 0.000000 -0.000000 0.000000 -0.000000 1.000000 0.000000 0.000000 0.000000 0.000000 1.000000 0.000000 0.000000 0.000000 0.000000 1.000000
1.000000 0.000000 0.000000 0.000000 0.000000 1.000000 -0.000000 0.000000 0.000000 -0.000000 1.000000 0.000000 0.000000 0.000000 0.000000 1.000000
1.000000 0.000000 0.000000 0.000000 -0.000000 1.000000 0.000000 0.000000 0.000000 -0.000000 1.000000 0.000000 0.000000 0.000000 0.000000 1.000000
1.000000 -0.000000 0.000000 0.000000 0.000000 1.000000 0.000000 0.000000 -0.000000 0.000000 1.000000 0.000000 0.000000 0.000000 0.000000 1.000000
1.000000 0.000000 0.000000 0.000000 0.000000 1.000000 -0.000000 0.000000 -0.000000 0.000000 1.000000 0.000000 0.000000 0.000000 0.000000 1.000000
1.000000 0.000000 0.000000 0.000000 -0.000000 1.000000 0.000000 0.000000 0.000000 0.000000 1.000000 0.000000 0.000000 0.000000 0.000000 1.000000
1.000000 0.000000 0.000000 0.000000 0.000000 1.000000 0.000000 0.000000 -0.000000 -0.000000 1.000000 0.000000 0.000000 0.000000 0.000000 1.000000
1.000000 0.000000 0.000000 0.000000 0.000000 1.000000 0.000000 0.000000 0.000000 -0.000000 1.000000 0.000000 0.000000 0.000000 0.000000 1.000000
1.000000 0.000000 0.000000 0.000000 0.000000 1.000000 0.000000 0.000000 0.000000 -0.000000 1.000000 0.000000 0.000000 0.000000 0.000000 1.000000
1.000000 0.000000 0.000000 0.000000 0.000000 1.000000 0.000000 0.000000 0.000000 -0.000000 1.000000 0.000000 0.000000 0.000000 0.000000 1.000000
1.000000 0.000000 0.000000 0.000000 0.000000 1.000000 -0.000000 0.000000 0.000000 -0.000000 1.000000 0.000000 0.000000 0.000000 0.000000 1.000000
1.000000 0.000000 0.000000 0.000000 0.000000 1.000000 0.000000 0.000000 0.000000 -0.000000 1.000000 0.000000 0.000000 0.000000 0.000000 1.000000
1.000000 -0.000000 0.000000 0.000000 -0.000000 1.000000 0.000000 0.000000 -0.000000 -0.000000 1.000000 0.000000 0.000000 0.000000 0.000000 1.000000
1.000000 0.000000 0.000000 0.000000 0.000000 1.000000 0.000000 0.000000 0.000000 0.000000 1.000000 0.000000 0.000000 0.000000 0.000000 1.000000
1.000000 0.000000 -0.000000 0.000000 -0.000000 1.000000 0.000000 0.000000 -0.000000 -0.000000 1.000000 0.000000 0.000000 0.000000 0.000000 1.000000
1.000000 0.000000 0.000000 0.000000 0.000000 1.000000 0.000000 0.000000 0.000000 0.000000 1.000000 0.000000 0.000000 0.000000 0.000000 1.000000
1.000000 -0.000000 -0.000000 0.000000 -0.000000 1.000000 0.000000 0.000000 0.000000 -0.000000 1.000000 0.000000 0.000000 0.000000 0.000000 1.000000
1.000000 0.000000 -0.000000 0.000000 -0.000000 1.000000 -0.000000 0.000000 0.000000 -0.000000 1.000000 0.000000 0.000000 0.000000 0.000000 1.000000
1.000000 0.000000 0.000000 0.000000 -0.000000 1.000000 -0.000000 0.000000 0.000000 -0.000000 1.000000 0.000000 0.000000 0.000000 0.000000 1.000000
1.000000 0.000000 0.000000 0.000000 -0.000000 1.000000 -0.000000 0.000000 0.000000 0.000000 1.000000 0.000000 0.000000 0.000000 0.000000 1.000000</float_array><technique_common><accessor source="#Pelvis-Matrix-animation-output-transform-array" count="32" stride="16"><param type="float4x4"/></accessor></technique_common></source><source id="Pelvis-Interpolations"><Name_array id="Pelvis-Interpolations-array" count="32">
 LINEAR LINEAR LINEAR LINEAR LINEAR LINEAR LINEAR LINEAR LINEAR LINEAR LINEAR
LINEAR LINEAR LINEAR LINEAR LINEAR LINEAR LINEAR LINEAR LINEAR LINEAR LINEAR LINEAR
LINEAR LINEAR LINEAR LINEAR LINEAR LINEAR LINEAR LINEAR LINEAR</Name_array><technique_common><accessor source="#Pelvis-Interpolations-array" count="32"><param type="name"/></accessor></technique_common></source><sampler id="Pelvis-Matrix-animation-transform"><input semantic="INPUT" source="#Pelvis-Matrix-animation-input"/><input semantic="OUTPUT" source="#Pelvis-Matrix-animation-output-transform"/><input semantic="INTERPOLATION" source="#Pelvis-Interpolations"/></sampler><channel source="#Pelvis-Matrix-animation-transform" target="Pelvis/matrix"/></animation>
    <animation id="LeftUpLeg-anim" name="LeftUpLeg"><source id="LeftUpLeg-Matrix-animation-input"><float_array id="LeftUpLeg-Matrix-animation-input-array" count="32">

0.000000 0.033333 0.066667 0.100000 0.133333 0.166667 0.200000 0.233333 0.266667 0.300000 0.333333 0.366667 0.400000 0.433333 0.466667 0.500000
0.533333 0.566667 0.600000 0.633333 0.666667 0.700000 0.733333 0.766667 0.800000 0.833333 0.866667 0.900000 0.933333 0.966667 1.000000 1.033333</float_array><technique_common><accessor source="#LeftUpLeg-Matrix-animation-input-array" count="32"><param name="TIME" type="float"/></accessor></technique_common></source><source id="LeftUpLeg-Matrix-animation-output-transform"><float_array id="LeftUpLeg-Matrix-animation-output-transform-array" count="512">

-0.968688 0.132013 0.210274 8.479700 0.011901 -0.821263 0.570426 -4.795500 0.247994 0.555068 0.793977 -0.379100 0.000000 0.000000 0.000000 1.000000
-0.973362 0.133844 0.186153 8.479700 0.006979 -0.794245 0.607557 -4.795500 0.229169 0.592672 0.772154 -0.379100 0.000000 0.000000 0.000000 1.000000
-0.977336 0.147409 0.151940 8.479700 -0.020617 -0.780592 0.624700 -4.795500 0.210690 0.607409 0.765940 -0.379100 0.000000 0.000000 0.000000 1.000000
-0.975917 0.188216 0.110274 8.479700 -0.080182 -0.779634 0.621081 -4.795500 0.202871 0.597282 0.775949 -0.379100 0.000000 0.000000 0.000000 1.000000
-0.964049 0.255808 0.071909 8.479700 -0.157964 -0.769322 0.619024 -4.795500 0.213673 0.585410 0.782073 -0.379100 0.000000 0.000000 0.000000 1.000000
-0.945775 0.322410 0.039527 8.479700 -0.214406 -0.711050 0.669655 -4.795500 0.244009 0.624868 0.741619 -0.379100 0.000000 0.000000 0.000000 1.000000
-0.934031 0.355062 0.038951 8.479700 -0.229985 -0.681246 0.694990 -4.795500 0.273300 0.640184 0.717964 -0.379100 0.000000 0.000000 0.000000 1.000000
-0.941430 0.332777 0.054482 8.479700 -0.199973 -0.681049 0.704402 -4.795500 0.271514 0.652251 0.707707 -0.379100 0.000000 0.000000 0.000000 1.000000
-0.959826 0.275829 0.051506 8.479700 -0.145802 -0.647097 0.748336 -4.795500 0.239742 0.710763 0.661317 -0.379100 0.000000 0.000000 0.000000 1.000000
-0.975066 0.215711 0.052111 8.479700 -0.112510 -0.682936 0.721761 -4.795500 0.191280 0.697902 0.690178 -0.379100 0.000000 0.000000 0.000000 1.000000
-0.984762 0.167334 0.047356 8.479700 -0.074000 -0.649625 0.756645 -4.795500 0.157376 0.741611 0.652109 -0.379100 0.000000 0.000000 0.000000 1.000000
-0.989604 0.117286 0.083240 8.479700 -0.015766 -0.663748 0.747790 -4.795500 0.142956 0.738703 0.658696 -0.379100 0.000000 0.000000 0.000000 1.000000
-0.989760 0.069658 0.124587 8.479700 0.039035 -0.707475 0.705660 -4.795500 0.137297 0.703298 0.697511 -0.379100 0.000000 0.000000 0.000000 1.000000
-0.989180 0.027043 0.144190 8.479700 0.072241 -0.765650 0.639188 -4.795500 0.127685 0.642689 0.755412 -0.379100 0.000000 0.000000 0.000000 1.000000
-0.989151 -0.015598 0.146072 8.479700 0.094326 -0.829726 0.550143 -4.795500 0.112619 0.557953 0.822195 -0.379100 0.000000 0.000000 0.000000 1.000000
-0.988843 -0.049569 0.140476 8.479700 0.107674 -0.889499 0.444069 -4.795500 0.102941 0.454240 0.884912 -0.379100 0.000000 0.000000 0.000000 1.000000
-0.989135 -0.069407 0.129592 8.479700 0.109465 -0.936151 0.334125 -4.795500 0.098127 0.344681 0.933577 -0.379100 0.000000 0.000000 0.000000 1.000000
-0.989728 -0.078204 0.119680 8.479700 0.105385 -0.964764 0.241092 -4.795500 0.096609 0.251228 0.963095 -0.379100 0.000000 0.000000 0.000000 1.000000
-0.988518 -0.091379 0.120339 8.479700 0.110307 -0.980701 0.161423 -4.795500 0.103266 0.172843 0.979521 -0.379100 0.000000 0.000000 0.000000 1.000000
-0.985465 -0.108942 0.130348 8.479700 0.120593 -0.989048 0.085093 -4.795500 0.119650 0.099575 0.987810 -0.379100 0.000000 0.000000 0.000000 1.000000
-0.982050 -0.121357 0.144396 8.479700 0.124597 -0.992114 0.013580 -4.795500 0.141609 0.031328 0.989427 -0.379100 0.000000 0.000000 0.000000 1.000000
-0.979614 -0.127255 0.155444 8.479700 0.116631 -0.990287 -0.075690 -4.795500 0.163566 -0.056017 0.984941 -0.379100 0.000000 0.000000 0.000000 1.000000
-0.978506 -0.123045 0.165484 8.479700 0.096109 -0.982108 -0.161948 -4.795500 0.182450 -0.142562 0.972825 -0.379100 0.000000 0.000000 0.000000 1.000000
-0.977814 -0.104644 0.181466 8.479700 0.065822 -0.975893 -0.208085 -4.795500 0.198866 -0.191524 0.961130 -0.379100 0.000000 0.000000 0.000000 1.000000
-0.972521 -0.099901 0.210291 8.479700 0.037539 -0.958724 -0.281849 -4.795500 0.229769 -0.266210 0.936129 -0.379100 0.000000 0.000000 0.000000 1.000000
-0.961333 -0.090454 0.260110 8.479700 -0.001235 -0.943093 -0.332526 -4.795500 0.275386 -0.319989 0.906515 -0.379100 0.000000 0.000000 0.000000 1.000000
-0.958985 0.036890 0.281048 8.479700 -0.053062 -0.997331 -0.050148 -4.795500 0.278448 -0.063004 0.958383 -0.379100 0.000000 0.000000 0.000000 1.000000
-0.964132 0.103143 0.244562 8.479700 -0.073979 -0.989319 0.125598 -4.795500 0.254904 0.103000 0.961465 -0.379100 0.000000 0.000000 0.000000 1.000000
-0.968188 0.127299 0.215425 8.479700 -0.062495 -0.956657 0.284432 -4.795500 0.242296 0.261921 0.934179 -0.379100 0.000000 0.000000 0.000000 1.000000
-0.968706 0.123784 0.215144 8.479700 -0.025515 -0.911843 0.409746 -4.795500 0.246898 0.391434 0.886466 -0.379100 0.000000 0.000000 0.000000 1.000000
-0.968487 0.124922 0.215472 8.479700 0.000357 -0.864424 0.502763 -4.795500 0.249066 0.486996 0.837139 -0.379100 0.000000 0.000000 0.000000 1.000000
-0.968689 0.131958 0.210307 8.479700 0.011967 -0.821261 0.570427 -4.795500 0.247990 0.555083 0.793968 -0.379100 0.000000 0.000000 0.000000 1.000000</float_array><technique_common><accessor source="#LeftUpLeg-Matrix-animation-output-transform-array" count="32" stride="16"><param type="float4x4"/></accessor></technique_common></source><source id="LeftUpLeg-Interpolations"><Name_array id="LeftUpLeg-Interpolations-array" count="32">
 LINEAR LINEAR LINEAR LINEAR LINEAR LINEAR LINEAR LINEAR LINEAR LINEAR LINEAR
LINEAR LINEAR LINEAR LINEAR LINEAR LINEAR LINEAR LINEAR LINEAR LINEAR LINEAR LINEAR
LINEAR LINEAR LINEAR LINEAR LINEAR LINEAR LINEAR LINEAR LINEAR</Name_array><technique_common><accessor source="#LeftUpLeg-Interpolations-array" count="32"><param type="name"/></accessor></technique_common></source><sampler id="LeftUpLeg-Matrix-animation-transform"><input semantic="INPUT" source="#LeftUpLeg-Matrix-animation-input"/><input semantic="OUTPUT" source="#LeftUpLeg-Matrix-animation-output-transform"/><input semantic="INTERPOLATION" source="#LeftUpLeg-Interpolations"/></sampler><channel source="#LeftUpLeg-Matrix-animation-transform" target="LeftUpLeg/matrix"/></animation>
    <animation id="LeftLeg-anim" name="LeftLeg"><source id="LeftLeg-Matrix-animation-input"><float_array id="LeftLeg-Matrix-animation-input-array" count="32">

0.000000 0.033333 0.066667 0.100000 0.133333 0.166667 0.200000 0.233333 0.266667 0.300000 0.333333 0.366667 0.400000 0.433333 0.466667 0.500000
0.533333 0.566667 0.600000 0.633333 0.666667 0.700000 0.733333 0.766667 0.800000 0.833333 0.866667 0.900000 0.933333 0.966667 1.000000 1.033333</float_array><technique_common><accessor source="#LeftLeg-Matrix-animation-input-array" count="32"><param name="TIME" type="float"/></accessor></technique_common></source><source id="LeftLeg-Matrix-animation-output-transform"><float_array id="LeftLeg-Matrix-animation-output-transform-array" count="512">

0.999967 0.004587 0.006710 -0.144400 -0.008010 0.415732 0.909452 32.554600 0.001382 -0.909476 0.415755 0.154600 0.000000 0.000000 0.000000 1.000000
0.999991 0.004179 -0.001060 -0.144400 -0.001436 0.554662 0.832075 32.554600 0.004065 -0.832065 0.554663 0.154600 0.000000 0.000000 0.000000 1.000000
0.999907 0.003473 -0.013168 -0.144400 0.006670 0.718118 0.695889 32.554600 0.011873 -0.695913 0.718028 0.154600 0.000000 0.000000 0.000000 1.000000
1.000000 -0.000700 -0.000149 -0.144400 0.000681 0.866708 0.498815 32.554600 -0.000220 -0.498815 0.866708 0.154600 0.000000 0.000000 0.000000 1.000000
0.999943 -0.003513 -0.010080 -0.144400 0.006362 0.954388 0.298501 32.554600 0.008572 -0.298548 0.954356 0.154600 0.000000 0.000000 0.000000 1.000000
0.999132 -0.000752 -0.041648 -0.144400 0.012216 0.961161 0.275717 32.554600 0.039823 -0.275987 0.960336 0.154600 0.000000 0.000000 0.000000 1.000000
0.997012 0.005514 -0.077052 -0.144400 0.016723 0.958392 0.284964 32.554600 0.075417 -0.285402 0.955436 0.154600 0.000000 0.000000 0.000000 1.000000
0.995660 0.008723 -0.092653 -0.144400 0.023538 0.939622 0.341404 32.554600 0.090037 -0.342104 0.935339 0.154600 0.000000 0.000000 0.000000 1.000000
0.999004 -0.000788 -0.044611 -0.144400 0.022622 0.870745 0.491215 32.554600 0.038458 -0.491735 0.869895 0.154600 0.000000 0.000000 0.000000 1.000000
0.999940 -0.007460 0.007975 -0.144400 0.002641 0.873791 0.486295 32.554600 -0.010596 -0.486245 0.873758 0.154600 0.000000 0.000000 0.000000 1.000000
0.999993 -0.003424 -0.001705 -0.144400 0.003689 0.745463 0.666537 32.554600 -0.001011 -0.666538 0.745470 0.154600 0.000000 0.000000 0.000000 1.000000
0.999921 0.000063 -0.012575 -0.144400 0.009342 0.665716 0.746147 32.554600 0.008419 -0.746205 0.665663 0.154600 0.000000 0.000000 0.000000 1.000000
0.999746 0.002563 -0.022373 -0.144400 0.015698 0.633015 0.773981 32.554600 0.016146 -0.774136 0.632814 0.154600 0.000000 0.000000 0.000000 1.000000
0.999788 0.003597 -0.020265 -0.144400 0.013066 0.649846 0.759953 32.554600 0.015903 -0.760057 0.649662 0.154600 0.000000 0.000000 0.000000 1.000000
0.999941 0.003791 -0.010190 -0.144400 0.004630 0.699530 0.714589 32.554600 0.009837 -0.714594 0.699471 0.154600 0.000000 0.000000 0.000000 1.000000
0.999970 0.003774 -0.006775 -0.144400 0.001494 0.763528 0.645773 32.554600 0.007610 -0.645763 0.763500 0.154600 0.000000 0.000000 0.000000 1.000000
0.999989 0.003215 -0.003407 -0.144400 -0.000745 0.827192 0.561920 32.554600 0.004625 -0.561911 0.827185 0.154600 0.000000 0.000000 0.000000 1.000000
0.999901 0.002859 0.013765 -0.144400 -0.009277 0.869856 0.493219 32.554600 -0.010564 -0.493298 0.869796 0.154600 0.000000 0.000000 0.000000 1.000000
0.998780 0.001916 0.049348 -0.144400 -0.023698 0.895288 0.444856 32.554600 -0.043328 -0.445483 0.894241 0.154600 0.000000 0.000000 0.000000 1.000000
0.995273 -0.000875 0.097114 -0.144400 -0.039834 0.908297 0.416425 32.554600 -0.088573 -0.418325 0.903968 0.154600 0.000000 0.000000 0.000000 1.000000
0.992340 -0.000046 0.123537 -0.144400 -0.053180 0.902441 0.427518 32.554600 -0.111505 -0.430813 0.895526 0.154600 0.000000 0.000000 0.000000 1.000000
0.992361 0.003354 0.123325 -0.144400 -0.055112 0.906394 0.418823 32.554600 -0.110376 -0.422420 0.899655 0.154600 0.000000 0.000000 0.000000 1.000000
0.992400 0.006840 0.122861 -0.144400 -0.054902 0.918178 0.392345 32.554600 -0.110124 -0.396109 0.911576 0.154600 0.000000 0.000000 0.000000 1.000000
0.991616 0.011111 0.128744 -0.144400 -0.063112 0.911032 0.407477 32.554600 -0.112762 -0.412186 0.904095 0.154600 0.000000 0.000000 0.000000 1.000000
0.991569 0.008562 0.129294 -0.144400 -0.056976 0.924989 0.375698 32.554600 -0.116379 -0.379897 0.917679 0.154600 0.000000 0.000000 0.000000 1.000000
0.987987 0.004790 0.154465 -0.144400 -0.057330 0.939558 0.337557 32.554600 -0.143512 -0.342358 0.928545 0.154600 0.000000 0.000000 0.000000 1.000000
0.988342 0.005664 0.152145 -0.144400 -0.108629 0.726413 0.678619 32.554600 -0.106677 -0.687235 0.718560 0.154600 0.000000 0.000000 0.000000 1.000000
0.989502 0.004209 0.144457 -0.144400 -0.123070 0.548531 0.827023 32.554600 -0.075758 -0.836119 0.543291 0.154600 0.000000 0.000000 0.000000 1.000000
0.990464 0.004217 0.137705 -0.144400 -0.129224 0.374977 0.917983 32.554600 -0.047765 -0.927025 0.371946 0.154600 0.000000 0.000000 0.000000 1.000000
0.991160 0.001973 0.132654 -0.144400 -0.127133 0.299941 0.945448 32.554600 -0.037923 -0.953956 0.297540 0.154600 0.000000 0.000000 0.000000 1.000000
0.998895 0.003630 0.046851 -0.144400 -0.045511 0.322977 0.945312 32.554600 -0.011700 -0.946400 0.322786 0.154600 0.000000 0.000000 0.000000 1.000000
0.999968 0.004477 0.006667 -0.144400 -0.007925 0.415731 0.909453 32.554600 0.001300 -0.909477 0.415753 0.154600 0.000000 0.000000 0.000000 1.000000</float_array><technique_common><accessor source="#LeftLeg-Matrix-animation-output-transform-array" count="32" stride="16"><param type="float4x4"/></accessor></technique_common></source><source id="LeftLeg-Interpolations"><Name_array id="LeftLeg-Interpolations-array" count="32">
 LINEAR LINEAR LINEAR LINEAR LINEAR LINEAR LINEAR LINEAR LINEAR LINEAR LINEAR
LINEAR LINEAR LINEAR LINEAR LINEAR LINEAR LINEAR LINEAR LINEAR LINEAR LINEAR LINEAR
LINEAR LINEAR LINEAR LINEAR LINEAR LINEAR LINEAR LINEAR LINEAR</Name_array><technique_common><accessor source="#LeftLeg-Interpolations-array" count="32"><param type="name"/></accessor></technique_common></source><sampler id="LeftLeg-Matrix-animation-transform"><input semantic="INPUT" source="#LeftLeg-Matrix-animation-input"/><input semantic="OUTPUT" source="#LeftLeg-Matrix-animation-output-transform"/><input semantic="INTERPOLATION" source="#LeftLeg-Interpolations"/></sampler><channel source="#LeftLeg-Matrix-animation-transform" target="LeftLeg/matrix"/></animation>
    <animation id="LeftFoot-anim" name="LeftFoot"><source id="LeftFoot-Matrix-animation-input"><float_array id="LeftFoot-Matrix-animation-input-array" count="32">

0.000000 0.033333 0.066667 0.100000 0.133333 0.166667 0.200000 0.233333 0.266667 0.300000 0.333333 0.366667 0.400000 0.433333 0.466667 0.500000
0.533333 0.566667 0.600000 0.633333 0.666667 0.700000 0.733333 0.766667 0.800000 0.833333 0.866667 0.900000 0.933333 0.966667 1.000000 1.033333</float_array><technique_common><accessor source="#LeftFoot-Matrix-animation-input-array" count="32"><param name="TIME" type="float"/></accessor></technique_common></source><source id="LeftFoot-Matrix-animation-output-transform"><float_array id="LeftFoot-Matrix-animation-output-transform-array" count="512">

0.997158 -0.065444 0.037330 -0.002100 0.072073 0.684194 -0.725730 32.777199 0.021954 0.726358 0.686966 -0.086900 0.000000 0.000000 0.000000 1.000000
0.999764 -0.020342 -0.007633 -0.002100 0.007767 0.662718 -0.748829 32.777199 0.020291 0.748593 0.662719 -0.086900 0.000000 0.000000 0.000000 1.000000
0.999754 -0.005350 -0.021532 -0.002100 -0.012776 0.654633 -0.755838 32.777199 0.018140 0.755927 0.654404 -0.086900 0.000000 0.000000 0.000000 1.000000
0.995571 0.050500 -0.079294 -0.002100 -0.093245 0.637814 -0.764525 32.777199 0.011966 0.768533 0.639698 -0.086900 0.000000 0.000000 0.000000 1.000000
0.988063 0.089504 -0.125378 -0.002100 -0.153985 0.596991 -0.787331 32.777199 0.004380 0.797239 0.603647 -0.086900 0.000000 0.000000 0.000000 1.000000
0.994485 0.055727 -0.088844 -0.002100 -0.104862 0.515117 -0.850681 32.777199 -0.001641 0.855307 0.518120 -0.086900 0.000000 0.000000 0.000000 1.000000
0.989656 0.078103 -0.120334 -0.002100 -0.142864 0.460265 -0.876211 32.777199 -0.013049 0.884339 0.466662 -0.086900 0.000000 0.000000 0.000000 1.000000
0.987687 0.083796 -0.132109 -0.002100 -0.156339 0.497686 -0.853151 32.777199 -0.005742 0.863300 0.504658 -0.086900 0.000000 0.000000 0.000000 1.000000
0.995336 0.055193 -0.079122 -0.002100 -0.095300 0.689907 -0.717597 32.777199 0.014981 0.721791 0.691949 -0.086900 0.000000 0.000000 0.000000 1.000000
0.997165 0.046226 -0.059372 -0.002100 -0.070331 0.853061 -0.517050 32.777199 0.026746 0.519760 0.853894 -0.086900 0.000000 0.000000 0.000000 1.000000
0.998599 0.021932 -0.048156 -0.002100 -0.047923 0.760722 -0.647306 32.777199 0.022436 0.648707 0.760707 -0.086900 0.000000 0.000000 0.000000 1.000000
0.999557 -0.001750 -0.029716 -0.002100 -0.020702 0.676475 -0.736175 32.777199 0.021390 0.736464 0.676139 -0.086900 0.000000 0.000000 0.000000 1.000000
0.999660 -0.023392 -0.011510 -0.002100 0.004977 0.604628 -0.796493 32.777199 0.025591 0.796165 0.604539 -0.086900 0.000000 0.000000 0.000000 1.000000
0.998879 -0.046010 0.011107 -0.002100 0.034704 0.552363 -0.832881 32.777199 0.032186 0.832333 0.553341 -0.086900 0.000000 0.000000 0.000000 1.000000
0.997191 -0.066592 0.034301 -0.002100 0.063954 0.518462 -0.852706 32.777199 0.039000 0.852504 0.521264 -0.086900 0.000000 0.000000 0.000000 1.000000
0.995232 -0.081679 0.053310 -0.002100 0.087020 0.496703 -0.863547 32.777199 0.044054 0.864068 0.501443 -0.086900 0.000000 0.000000 0.000000 1.000000
0.993172 -0.092838 0.070648 -0.002100 0.106992 0.483434 -0.868818 32.777199 0.046506 0.870444 0.490066 -0.086900 0.000000 0.000000 0.000000 1.000000
0.990683 -0.100946 0.091420 -0.002100 0.128125 0.463248 -0.876918 32.777199 0.046172 0.880461 0.471866 -0.086900 0.000000 0.000000 0.000000 1.000000
0.986486 -0.110340 0.121119 -0.002100 0.157312 0.431216 -0.888429 32.777199 0.045801 0.895476 0.442746 -0.086900 0.000000 0.000000 0.000000 1.000000
0.979596 -0.110115 0.168126 -0.002100 0.198066 0.387105 -0.900510 32.777199 0.034077 0.915437 0.401017 -0.086900 0.000000 0.000000 0.000000 1.000000
0.967160 -0.061085 0.246718 -0.002100 0.253184 0.316895 -0.914043 32.777199 -0.022349 0.946491 0.321954 -0.086900 0.000000 0.000000 0.000000 1.000000
0.945165 0.022767 0.325800 -0.002100 0.309678 0.254421 -0.916171 32.777199 -0.103749 0.966826 0.233419 -0.086900 0.000000 0.000000 0.000000 1.000000
0.920193 0.083526 0.382449 -0.002100 0.355452 0.231032 -0.905692 32.777199 -0.164007 0.969354 0.182905 -0.086900 0.000000 0.000000 0.000000 1.000000
0.910613 0.102210 0.400421 -0.002100 0.360372 0.277864 -0.890462 32.777199 -0.202277 0.955167 0.216193 -0.086900 0.000000 0.000000 0.000000 1.000000
0.893657 0.072855 0.442798 -0.002100 0.388829 0.366895 -0.845103 32.777199 -0.224030 0.927405 0.299550 -0.086900 0.000000 0.000000 0.000000 1.000000
0.863174 -0.006378 0.504867 -0.002100 0.431251 0.529347 -0.730626 32.777199 -0.262590 0.848382 0.459669 -0.086900 0.000000 0.000000 0.000000 1.000000
0.945955 0.159344 0.282453 -0.002100 0.017354 0.844843 -0.534732 32.777199 -0.323835 0.510734 0.796418 -0.086900 0.000000 0.000000 0.000000 1.000000
0.954096 0.283928 0.095321 -0.002100 -0.224833 0.889250 -0.398354 32.777199 -0.197868 0.358636 0.912266 -0.086900 0.000000 0.000000 0.000000 1.000000
0.984720 0.173885 0.009490 -0.002100 -0.144001 0.843708 -0.517127 32.777199 -0.097928 0.507859 0.855856 -0.086900 0.000000 0.000000 0.000000 1.000000
0.999992 -0.003224 -0.002303 -0.002100 0.001088 0.782327 -0.622867 32.777199 0.003810 0.622860 0.782324 -0.086900 0.000000 0.000000 0.000000 1.000000
0.998558 -0.046709 0.026471 -0.002100 0.052344 0.737366 -0.673462 32.777199 0.011938 0.673877 0.738747 -0.086900 0.000000 0.000000 0.000000 1.000000
0.997162 -0.065403 0.037293 -0.002100 0.072018 0.684197 -0.725733 32.777199 0.021949 0.726359 0.686965 -0.086900 0.000000 0.000000 0.000000 1.000000</float_array><technique_common><accessor source="#LeftFoot-Matrix-animation-output-transform-array" count="32" stride="16"><param type="float4x4"/></accessor></technique_common></source><source id="LeftFoot-Interpolations"><Name_array id="LeftFoot-Interpolations-array" count="32">
 LINEAR LINEAR LINEAR LINEAR LINEAR LINEAR LINEAR LINEAR LINEAR LINEAR LINEAR
LINEAR LINEAR LINEAR LINEAR LINEAR LINEAR LINEAR LINEAR LINEAR LINEAR LINEAR LINEAR
LINEAR LINEAR LINEAR LINEAR LINEAR LINEAR LINEAR LINEAR LINEAR</Name_array><technique_common><accessor source="#LeftFoot-Interpolations-array" count="32"><param type="name"/></accessor></technique_common></source><sampler id="LeftFoot-Matrix-animation-transform"><input semantic="INPUT" source="#LeftFoot-Matrix-animation-input"/><input semantic="OUTPUT" source="#LeftFoot-Matrix-animation-output-transform"/><input semantic="INTERPOLATION" source="#LeftFoot-Interpolations"/></sampler><channel source="#LeftFoot-Matrix-animation-transform" target="LeftFoot/matrix"/></animation>
    <animation id="RightUpLeg-anim" name="RightUpLeg"><source id="RightUpLeg-Matrix-animation-input"><float_array id="RightUpLeg-Matrix-animation-input-array" count="32">

0.000000 0.033333 0.066667 0.100000 0.133333 0.166667 0.200000 0.233333 0.266667 0.300000 0.333333 0.366667 0.400000 0.433333 0.466667 0.500000
0.533333 0.566667 0.600000 0.633333 0.666667 0.700000 0.733333 0.766667 0.800000 0.833333 0.866667 0.900000 0.933333 0.966667 1.000000 1.033333</float_array><technique_common><accessor source="#RightUpLeg-Matrix-animation-input-array" count="32"><param name="TIME" type="float"/></accessor></technique_common></source><source id="RightUpLeg-Matrix-animation-output-transform"><float_array id="RightUpLeg-Matrix-animation-output-transform-array" count="512">

-0.999116 0.033068 -0.025943 -8.479700 -0.041266 -0.888965 0.456113 -4.795500 -0.007980 0.456780 0.889544 -0.379100 0.000000 0.000000 0.000000 1.000000
-0.999821 -0.009980 -0.016064 -8.479700 0.002993 -0.922227 0.386638 -4.795500 -0.018673 0.386520 0.922092 -0.379100 0.000000 0.000000 0.000000 1.000000
-0.999169 -0.037442 -0.016131 -8.479700 0.030347 -0.947269 0.319000 -4.795500 -0.027225 0.318245 0.947617 -0.379100 0.000000 0.000000 0.000000 1.000000
-0.998542 -0.049799 -0.020815 -8.479700 0.042922 -0.966474 0.253151 -4.795500 -0.032724 0.251889 0.967203 -0.379100 0.000000 0.000000 0.000000 1.000000
-0.998290 -0.052068 -0.026588 -8.479700 0.045950 -0.979960 0.193822 -4.795500 -0.036147 0.192269 0.980676 -0.379100 0.000000 0.000000 0.000000 1.000000
-0.997714 -0.060551 -0.030007 -8.479700 0.056195 -0.990013 0.129288 -4.795500 -0.037536 0.127306 0.991153 -0.379100 0.000000 0.000000 0.000000 1.000000
-0.995744 -0.087760 -0.028135 -8.479700 0.086057 -0.994665 0.056887 -4.795500 -0.032977 0.054224 0.997984 -0.379100 0.000000 0.000000 0.000000 1.000000
-0.990167 -0.137646 -0.024942 -8.479700 0.138338 -0.989974 -0.028550 -4.795500 -0.020762 -0.031719 0.999281 -0.379100 0.000000 0.000000 0.000000 1.000000
-0.968912 -0.220769 -0.111670 -8.479700 0.230964 -0.968938 -0.088405 -4.795500 -0.088684 -0.111449 0.989805 -0.379100 0.000000 0.000000 0.000000 1.000000
-0.931650 -0.311690 -0.186757 -8.479700 0.321520 -0.946596 -0.024093 -4.795500 -0.169274 -0.082492 0.982111 -0.379100 0.000000 0.000000 0.000000 1.000000
-0.929286 -0.356798 -0.095510 -8.479700 0.353768 -0.934123 0.047560 -4.795500 -0.106188 0.010409 0.994292 -0.379100 0.000000 0.000000 0.000000 1.000000
-0.932068 -0.361174 0.028325 -8.479700 0.361212 -0.920465 0.149230 -4.795500 -0.027826 0.149324 0.988397 -0.379100 0.000000 0.000000 0.000000 1.000000
-0.933905 -0.327721 0.142903 -8.479700 0.355428 -0.894241 0.272037 -4.795500 0.038637 0.304849 0.951617 -0.379100 0.000000 0.000000 0.000000 1.000000
-0.949792 -0.260088 0.173922 -8.479700 0.308748 -0.869155 0.386322 -4.795500 0.050687 0.420624 0.905818 -0.379100 0.000000 0.000000 0.000000 1.000000
-0.968577 -0.202896 0.143844 -8.479700 0.247560 -0.842108 0.479133 -4.795500 0.023919 0.499687 0.865876 -0.379100 0.000000 0.000000 0.000000 1.000000
-0.984351 -0.145206 0.099845 -8.479700 0.176208 -0.817867 0.547764 -4.795500 0.002121 0.556785 0.830654 -0.379100 0.000000 0.000000 0.000000 1.000000
-0.995118 -0.083734 0.052237 -8.479700 0.098388 -0.800149 0.591676 -4.795500 -0.007746 0.593927 0.804481 -0.379100 0.000000 0.000000 0.000000 1.000000
-0.999549 -0.029428 0.006036 -8.479700 0.026925 -0.788496 0.614450 -4.795500 -0.013323 0.614335 0.788933 -0.379100 0.000000 0.000000 0.000000 1.000000
-0.999791 0.005602 -0.019671 -8.479700 -0.016548 -0.786753 0.617046 -4.795500 -0.012020 0.617242 0.786682 -0.379100 0.000000 0.000000 0.000000 1.000000
-0.999470 0.023269 -0.022784 -8.479700 -0.032370 -0.786541 0.616689 -4.795500 -0.003571 0.617099 0.786877 -0.379100 0.000000 0.000000 0.000000 1.000000
-0.999680 -0.001063 -0.025273 -8.479700 -0.015549 -0.762219 0.647132 -4.795500 -0.019952 0.647318 0.761959 -0.379100 0.000000 0.000000 0.000000 1.000000
-0.998252 -0.050710 -0.030360 -8.479700 0.016412 -0.731299 0.681860 -4.795500 -0.056779 0.680169 0.730853 -0.379100 0.000000 0.000000 0.000000 1.000000
-0.998144 -0.058029 -0.018482 -8.479700 0.024733 -0.663568 0.747707 -4.795500 -0.055652 0.745862 0.663771 -0.379100 0.000000 0.000000 0.000000 1.000000
-0.999705 -0.009323 -0.022421 -8.479700 -0.011015 -0.648774 0.760902 -4.795500 -0.021640 0.760924 0.648480 -0.379100 0.000000 0.000000 0.000000 1.000000
-0.999458 0.032302 -0.006398 -8.479700 -0.026471 -0.672555 0.739573 -4.795500 0.019587 0.739342 0.673046 -0.379100 0.000000 0.000000 0.000000 1.000000
-0.995667 0.069712 -0.061543 -8.479700 -0.092321 -0.661763 0.744007 -4.795500 0.011139 0.746465 0.665332 -0.379100 0.000000 0.000000 0.000000 1.000000
-0.989225 0.115847 -0.089513 -8.479700 -0.144403 -0.671427 0.726866 -4.795500 0.024104 0.731960 0.680921 -0.379100 0.000000 0.000000 0.000000 1.000000
-0.983057 0.149180 -0.106512 -8.479700 -0.180789 -0.693220 0.697683 -4.795500 0.030244 0.705118 0.708444 -0.379100 0.000000 0.000000 0.000000 1.000000
-0.983002 0.154495 -0.099184 -8.479700 -0.181773 -0.743154 0.643957 -4.795500 0.025779 0.651040 0.758605 -0.379100 0.000000 0.000000 0.000000 1.000000
-0.989731 0.123074 -0.072696 -8.479700 -0.142247 -0.798000 0.585629 -4.795500 0.014064 0.589956 0.807313 -0.379100 0.000000 0.000000 0.000000 1.000000
-0.995736 0.079785 -0.046311 -8.479700 -0.092216 -0.846799 0.523859 -4.795500 0.002580 0.525896 0.850545 -0.379100 0.000000 0.000000 0.000000 1.000000
-0.999116 0.033068 -0.025944 -8.479700 -0.041266 -0.888964 0.456115 -4.795500 -0.007980 0.456782 0.889543 -0.379100 0.000000 0.000000 0.000000 1.000000</float_array><technique_common><accessor source="#RightUpLeg-Matrix-animation-output-transform-array" count="32" stride="16"><param type="float4x4"/></accessor></technique_common></source><source id="RightUpLeg-Interpolations"><Name_array id="RightUpLeg-Interpolations-array" count="32">
 LINEAR LINEAR LINEAR LINEAR LINEAR LINEAR LINEAR LINEAR LINEAR LINEAR LINEAR
LINEAR LINEAR LINEAR LINEAR LINEAR LINEAR LINEAR LINEAR LINEAR LINEAR LINEAR LINEAR
LINEAR LINEAR LINEAR LINEAR LINEAR LINEAR LINEAR LINEAR LINEAR</Name_array><technique_common><accessor source="#RightUpLeg-Interpolations-array" count="32"><param type="name"/></accessor></technique_common></source><sampler id="RightUpLeg-Matrix-animation-transform"><input semantic="INPUT" source="#RightUpLeg-Matrix-animation-input"/><input semantic="OUTPUT" source="#RightUpLeg-Matrix-animation-output-transform"/><input semantic="INTERPOLATION" source="#RightUpLeg-Interpolations"/></sampler><channel source="#RightUpLeg-Matrix-animation-transform" target="RightUpLeg/matrix"/></animation>
    <animation id="RightLeg-anim" name="RightLeg"><source id="RightLeg-Matrix-animation-input"><float_array id="RightLeg-Matrix-animation-input-array" count="32">

