<?xml version="1.0" encoding="utf-8"?>
<COLLADA xmlns="http://www.collada.org/2005/11/COLLADASchema" version="1.4.1">
  <asset><contributor><author>Mixamo</author><authoring_tool>COLLADA Mixamo exporter</authoring_tool><comments></comments></contributor><created>2017-03-27T20:52:50Z</created><modified>2017-03-27T20:52:50Z</modified><revision></revision><title></title><unit meter="0.010000"/><up_axis>Y_UP</up_axis></asset>
  <library_animations>
    <animation id="Hips-anim" name="Hips"><source id="Hips-Matrix-animation-input"><float_array id="Hips-Matrix-animation-input-array" count="29">

0.000000 0.033333 0.066667 0.100000 0.133333 0.166667 0.200000 0.233333 0.266667 0.300000 0.333333 0.366667 0.400000 0.433333 0.466667 0.500000
0.533333 0.566667 0.600000 0.633333 0.666667 0.700000 0.733333 0.766667 0.800000 0.833333 0.866667 0.900000 0.933333</float_array><technique_common><accessor source="#Hips-Matrix-animation-input-array" count="29"><param name="TIME" type="float"/></accessor></technique_common></source><source id="Hips-Matrix-animation-output-transform"><float_array id="Hips-Matrix-animation-output-transform-array" count="464">

0.992424 0.047374 0.113363 0.067567 -0.055008 0.996356 0.065190 82.446381 -0.109862 -0.070932 0.991413 0.236684 0.000000 0.000000 0.000000 1.000000
0.995939 0.050144 0.074772 0.551124 -0.054816 0.996582 0.061804 82.239021 -0.071417 -0.065652 0.995284 -0.076282 0.000000 0.000000 0.000000 1.000000
0.997914 0.052028 0.038231 1.725066 -0.054177 0.996874 0.057501 81.860008 -0.035119 -0.059452 0.997613 -0.721958 0.000000 0.000000 0.000000 1.000000
0.998590 0.053020 0.002783 3.272879 -0.053093 0.997197 0.052724 81.574783 0.000020 -0.052798 0.998605 -1.254195 0.000000 0.000000 0.000000 1.000000
0.997915 0.055798 -0.032452 4.918578 -0.054210 0.997380 0.047907 81.570930 0.035040 -0.046048 0.998324 -1.745439 0.000000 0.000000 0.000000 1.000000
0.995933 0.058431 -0.068582 6.290970 -0.055529 0.997510 0.043488 81.632179 0.070952 -0.039503 0.996697 -2.187458 0.000000 0.000000 0.000000 1.000000
0.992449 0.060622 -0.106629 7.274200 -0.056650 0.997597 0.039897 81.593483 0.108791 -0.033555 0.993498 -2.514938 0.000000 0.000000 0.000000 1.000000
0.987091 0.062275 -0.147555 8.044197 -0.057327 0.997649 0.037553 81.461571 0.149547 -0.028610 0.988341 -2.752245 0.000000 0.000000 0.000000 1.000000
0.979308 0.063152 -0.192272 8.624466 -0.057099 0.997688 0.036866 81.288689 0.194155 -0.025124 0.980649 -2.980134 0.000000 0.000000 0.000000 1.000000
0.968281 0.064200 -0.241476 9.018911 -0.056618 0.997664 0.038213 81.146843 0.243365 -0.023329 0.969654 -3.240441 0.000000 0.000000 0.000000 1.000000
0.950840 0.065272 -0.302727 9.200871 -0.054252 0.997527 0.044682 81.097153 0.304895 -0.026062 0.952029 -3.596963 0.000000 0.000000 0.000000 1.000000
0.929723 0.069061 -0.361725 9.105181 -0.053036 0.997128 0.054058 81.177513 0.364419 -0.031075 0.930716 -4.129125 0.000000 0.000000 0.000000 1.000000
0.906995 0.075930 -0.414240 8.770791 -0.055206 0.996561 0.061794 81.264656 0.417507 -0.033179 0.908068 -4.825429 0.000000 0.000000 0.000000 1.000000
0.876369 0.087129 -0.473694 8.437614 -0.062233 0.995741 0.068017 81.195061 0.477603 -0.030128 0.878059 -5.561267 0.000000 0.000000 0.000000 1.000000
0.833079 0.095260 -0.544890 8.158222 -0.063926 0.995040 0.076222 81.048492 0.549448 -0.028666 0.835036 -6.243764 0.000000 0.000000 0.000000 1.000000
0.772909 0.099816 -0.626617 7.874880 -0.058467 0.994551 0.086308 80.902924 0.631818 -0.030071 0.774533 -6.796598 0.000000 0.000000 0.000000 1.000000
0.688974 0.099700 -0.717896 7.597389 -0.046780 0.994546 0.093225 80.967575 0.723275 -0.030646 0.689880 -7.152813 0.000000 0.000000 0.000000 1.000000
0.582895 0.099542 -0.806427 7.326519 -0.035770 0.994649 0.096920 81.175400 0.811760 -0.027649 0.583336 -7.238422 0.000000 0.000000 0.000000 1.000000
0.463872 0.100585 -0.880173 6.980514 -0.025223 0.994630 0.100372 81.466080 0.885543 -0.024360 0.463918 -7.057908 0.000000 0.000000 0.000000 1.000000
0.353975 0.098923 -0.930009 6.511942 -0.016098 0.994888 0.099697 81.807053 0.935116 -0.020319 0.353757 -6.706433 0.000000 0.000000 0.000000 1.000000
0.279622 0.095839 -0.955315 5.927380 -0.014597 0.995315 0.095579 82.085876 0.959999 -0.012781 0.279711 -6.189188 0.000000 0.000000 0.000000 1.000000
0.219988 0.092477 -0.971109 5.187333 -0.016126 0.995705 0.091166 82.212051 0.975369 -0.004395 0.220535 -5.524034 0.000000 0.000000 0.000000 1.000000
0.166144 0.088739 -0.982100 4.269933 -0.018860 0.996046 0.086809 82.165779 0.985921 0.004100 0.167161 -4.722978 0.000000 0.000000 0.000000 1.000000
0.117065 0.084449 -0.989527 3.246693 -0.020694 0.996369 0.082585 81.968399 0.992909 0.010809 0.118387 -3.860971 0.000000 0.000000 0.000000 1.000000
0.071043 0.080168 -0.994246 2.253961 -0.025289 0.996589 0.078550 81.835442 0.997153 0.019563 0.072828 -2.981359 0.000000 0.000000 0.000000 1.000000
0.026779 0.075597 -0.996779 1.390962 -0.031439 0.996707 0.074747 81.954414 0.999147 0.029336 0.029068 -2.157676 0.000000 0.000000 0.000000 1.000000
-0.021509 0.070159 -0.997304 0.665764 -0.039877 0.996681 0.070975 82.158829 0.998973 0.041296 -0.018639 -1.322021 0.000000 0.000000 0.000000 1.000000
-0.080436 0.062854 -0.994776 0.040185 -0.049849 0.996507 0.066994 82.345535 0.995513 0.054978 -0.077021 -0.424310 0.000000 0.000000 0.000000 1.000000
-0.109989 0.058846 -0.992189 -0.245534 -0.055001 0.996356 0.065191 82.444237 0.992410 0.061741 -0.106352 0.013763 0.000000 0.000000 0.000000 1.000000</float_array><technique_common><accessor source="#Hips-Matrix-animation-output-transform-array" count="29" stride="16"><param type="float4x4"/></accessor></technique_common></source><source id="Hips-Interpolations"><Name_array id="Hips-Interpolations-array" count="29">
 LINEAR LINEAR LINEAR LINEAR LINEAR LINEAR LINEAR LINEAR LINEAR LINEAR LINEAR
LINEAR LINEAR LINEAR LINEAR LINEAR LINEAR LINEAR LINEAR LINEAR LINEAR LINEAR LINEAR
LINEAR LINEAR LINEAR LINEAR LINEAR LINEAR</Name_array><technique_common><accessor source="#Hips-Interpolations-array" count="29"><param type="name"/></accessor></technique_common></source><sampler id="Hips-Matrix-animation-transform"><input semantic="INPUT" source="#Hips-Matrix-animation-input"/><input semantic="OUTPUT" source="#Hips-Matrix-animation-output-transform"/><input semantic="INTERPOLATION" source="#Hips-Interpolations"/></sampler><channel source="#Hips-Matrix-animation-transform" target="Hips/matrix"/></animation>
    <animation id="Pelvis-anim" name="Pelvis"><source id="Pelvis-Matrix-animation-input"><float_array id="Pelvis-Matrix-animation-input-array" count="29">

0.000000 0.033333 0.066667 0.100000 0.133333 0.166667 0.200000 0.233333 0.266667 0.300000 0.333333 0.366667 0.400000 0.433333 0.466667 0.500000
0.533333 0.566667 0.600000 0.633333 0.666667 0.700000 0.733333 0.766667 0.800000 0.833333 0.866667 0.900000 0.933333</float_array><technique_common><accessor source="#Pelvis-Matrix-animation-input-array" count="29"><param name="TIME" type="float"/></accessor></technique_common></source><source id="Pelvis-Matrix-animation-output-transform"><float_array id="Pelvis-Matrix-animation-output-transform-array" count="464">

1.000000 0.000000 0.000000 0.000000 0.000000 1.000000 0.000000 0.000000 0.000000 0.000000 1.000000 0.000000 0.000000 0.000000 0.000000 1.000000
1.000000 -0.000000 0.000000 0.000000 -0.000000 1.000000 0.000000 0.000000 0.000000 0.000000 1.000000 0.000000 0.000000 0.000000 0.000000 1.000000
1.000000 0.000000 0.000000 0.000000 0.000000 1.000000 0.000000 0.000000 0.000000 -0.000000 1.000000 0.000000 0.000000 0.000000 0.000000 1.000000
1.000000 -0.000000 -0.000000 0.000000 0.000000 1.000000 -0.000000 0.000000 0.000000 -0.000000 1.000000 0.000000 0.000000 0.000000 0.000000 1.000000
1.000000 -0.000000 0.000000 0.000000 -0.000000 1.000000 0.000000 0.000000 -0.000000 0.000000 1.000000 0.000000 0.000000 0.000000 0.000000 1.000000
1.000000 -0.000000 -0.000000 0.000000 0.000000 1.000000 0.000000 0.000000 0.000000 -0.000000 1.000000 0.000000 0.000000 0.000000 0.000000 1.000000
1.000000 -0.000000 0.000000 0.000000 -0.000000 1.000000 0.000000 0.000000 0.000000 -0.000000 1.000000 0.000000 0.000000 0.000000 0.000000 1.000000
1.000000 0.000000 0.000000 0.000000 -0.000000 1.000000 -0.000000 0.000000 0.000000 0.000000 1.000000 0.000000 0.000000 0.000000 0.000000 1.000000
1.000000 0.000000 0.000000 0.000000 -0.000000 1.000000 0.000000 0.000000 0.000000 -0.000000 1.000000 0.000000 0.000000 0.000000 0.000000 1.000000
1.000000 -0.000000 0.000000 0.000000 0.000000 1.000000 -0.000000 0.000000 0.000000 0.000000 1.000000 0.000000 0.000000 0.000000 0.000000 1.000000
1.000000 -0.000000 0.000000 0.000000 -0.000000 1.000000 0.000000 0.000000 0.000000 0.000000 1.000000 0.000000 0.000000 0.000000 0.000000 1.000000
1.000000 -0.000000 0.000000 0.000000 -0.000000 1.000000 0.000000 0.000000 0.000000 0.000000 1.000000 0.000000 0.000000 0.000000 0.000000 1.000000
1.000000 -0.000000 0.000000 0.000000 -0.000000 1.000000 -0.000000 0.000000 0.000000 -0.000000 1.000000 0.000000 0.000000 0.000000 0.000000 1.000000
1.000000 0.000000 0.000000 0.000000 -0.000000 1.000000 0.000000 0.000000 0.000000 0.000000 1.000000 0.000000 0.000000 0.000000 0.000000 1.000000
1.000000 0.000000 0.000000 0.000000 0.000000 1.000000 -0.000000 0.000000 0.000000 -0.000000 1.000000 0.000000 0.000000 0.000000 0.000000 1.000000
1.000000 0.000000 0.000000 0.000000 0.000000 1.000000 0.000000 0.000000 0.000000 0.000000 1.000000 0.000000 0.000000 0.000000 0.000000 1.000000
1.000000 0.000000 -0.000000 0.000000 -0.000000 1.000000 0.000000 0.000000 0.000000 0.000000 1.000000 0.000000 0.000000 0.000000 0.000000 1.000000
1.000000 -0.000000 0.000000 0.000000 -0.000000 1.000000 0.000000 0.000000 0.000000 -0.000000 1.000000 0.000000 0.000000 0.000000 0.000000 1.000000
1.000000 -0.000000 0.000000 0.000000 0.000000 1.000000 -0.000000 0.000000 0.000000 0.000000 1.000000 0.000000 0.000000 0.000000 0.000000 1.000000
1.000000 0.000000 0.000000 0.000000 -0.000000 1.000000 0.000000 0.000000 0.000000 0.000000 1.000000 0.000000 0.000000 0.000000 0.000000 1.000000
1.000000 -0.000000 -0.000000 0.000000 0.000000 1.000000 0.000000 0.000000 -0.000000 0.000000 1.000000 0.000000 0.000000 0.000000 0.000000 1.000000
1.000000 0.000000 -0.000000 0.000000 -0.000000 1.000000 0.000000 0.000000 0.000000 -0.000000 1.000000 0.000000 0.000000 0.000000 0.000000 1.000000
1.000000 -0.000000 0.000000 0.000000 0.000000 1.000000 0.000000 0.000000 0.000000 -0.000000 1.000000 0.000000 0.000000 0.000000 0.000000 1.000000
1.000000 0.000000 0.000000 0.000000 -0.000000 1.000000 0.000000 0.000000 0.000000 -0.000000 1.000000 0.000000 0.000000 0.000000 0.000000 1.000000
1.000000 -0.000000 0.000000 0.000000 -0.000000 1.000000 0.000000 0.000000 -0.000000 0.000000 1.000000 0.000000 0.000000 0.000000 0.000000 1.000000
1.000000 0.000000 0.000000 0.000000 0.000000 1.000000 0.000000 0.000000 0.000000 0.000000 1.000000 0.000000 0.000000 0.000000 0.000000 1.000000
1.000000 -0.000000 0.000000 0.000000 0.000000 1.000000 -0.000000 0.000000 0.000000 -0.000000 1.000000 0.000000 0.000000 0.000000 0.000000 1.000000
1.000000 0.000000 0.000000 0.000000 0.000000 1.000000 -0.000000 0.000000 0.000000 0.000000 1.000000 0.000000 0.000000 0.000000 0.000000 1.000000
1.000000 0.000000 -0.000000 0.000000 -0.000000 1.000000 0.000000 0.000000 -0.000000 0.000000 1.000000 0.000000 0.000000 0.000000 0.000000 1.000000</float_array><technique_common><accessor source="#Pelvis-Matrix-animation-output-transform-array" count="29" stride="16"><param type="float4x4"/></accessor></technique_common></source><source id="Pelvis-Interpolations"><Name_array id="Pelvis-Interpolations-array" count="29">
 LINEAR LINEAR LINEAR LINEAR LINEAR LINEAR LINEAR LINEAR LINEAR LINEAR LINEAR
LINEAR LINEAR LINEAR LINEAR LINEAR LINEAR LINEAR LINEAR LINEAR LINEAR LINEAR LINEAR
LINEAR LINEAR LINEAR LINEAR LINEAR LINEAR</Name_array><technique_common><accessor source="#Pelvis-Interpolations-array" count="29"><param type="name"/></accessor></technique_common></source><sampler id="Pelvis-Matrix-animation-transform"><input semantic="INPUT" source="#Pelvis-Matrix-animation-input"/><input semantic="OUTPUT" source="#Pelvis-Matrix-animation-output-transform"/><input semantic="INTERPOLATION" source="#Pelvis-Interpolations"/></sampler><channel source="#Pelvis-Matrix-animation-transform" target="Pelvis/matrix"/></animation>
    <animation id="LeftUpLeg-anim" name="LeftUpLeg"><source id="LeftUpLeg-Matrix-animation-input"><float_array id="LeftUpLeg-Matrix-animation-input-array" count="29">

0.000000 0.033333 0.066667 0.100000 0.133333 0.166667 0.200000 0.233333 0.266667 0.300000 0.333333 0.366667 0.400000 0.433333 0.466667 0.500000
0.533333 0.566667 0.600000 0.633333 0.666667 0.700000 0.733333 0.766667 0.800000 0.833333 0.866667 0.900000 0.933333</float_array><technique_common><accessor source="#LeftUpLeg-Matrix-animation-input-array" count="29"><param name="TIME" type="float"/></accessor></technique_common></source><source id="LeftUpLeg-Matrix-animation-output-transform"><float_array id="LeftUpLeg-Matrix-animation-output-transform-array" count="464">

-0.952604 0.178581 0.246283 8.479700 -0.131390 -0.971687 0.196369 -4.795500 0.274377 0.154703 0.949096 -0.379100 0.000000 0.000000 0.000000 1.000000
-0.954043 0.179622 0.239872 8.479700 -0.128369 -0.968254 0.214491 -4.795500 0.270785 0.173842 0.946813 -0.379100 0.000000 0.000000 0.000000 1.000000
-0.961102 0.167853 0.219335 8.479700 -0.111780 -0.962587 0.246844 -4.795500 0.252563 0.212725 0.943907 -0.379100 0.000000 0.000000 0.000000 1.000000
-0.971264 0.142433 0.190681 8.479700 -0.088121 -0.959434 0.267809 -4.795500 0.221091 0.243310 0.944415 -0.379100 0.000000 0.000000 0.000000 1.000000
-0.977287 0.115184 0.177885 8.479700 -0.063265 -0.959691 0.273845 -4.795500 0.202257 0.256371 0.945181 -0.379100 0.000000 0.000000 0.000000 1.000000
-0.978596 0.094719 0.182695 8.479700 -0.041354 -0.960181 0.276299 -4.795500 0.201591 0.262830 0.943547 -0.379100 0.000000 0.000000 0.000000 1.000000
-0.979020 0.081335 0.186829 8.479700 -0.025847 -0.959044 0.282075 -4.795500 0.202120 0.271329 0.941025 -0.379100 0.000000 0.000000 0.000000 1.000000
-0.979615 0.071841 0.187598 8.479700 -0.014555 -0.956794 0.290402 -4.795500 0.200355 0.281752 0.938336 -0.379100 0.000000 0.000000 0.000000 1.000000
-0.979208 0.066882 0.191515 8.479700 -0.006753 -0.954310 0.298742 -4.795500 0.202745 0.291238 0.934920 -0.379100 0.000000 0.000000 0.000000 1.000000
-0.977283 0.068246 0.200650 8.479700 -0.004133 -0.952694 0.303904 -4.795500 0.211898 0.296171 0.931333 -0.379100 0.000000 0.000000 0.000000 1.000000
-0.972432 0.077629 0.219885 8.479700 -0.008554 -0.954200 0.299048 -4.795500 0.233029 0.288923 0.928559 -0.379100 0.000000 0.000000 0.000000 1.000000
-0.965027 0.095038 0.244317 8.479700 -0.021437 -0.957459 0.287771 -4.795500 0.261273 0.272469 0.926011 -0.379100 0.000000 0.000000 0.000000 1.000000
-0.952894 0.124987 0.276355 8.479700 -0.041569 -0.956366 0.289200 -4.795500 0.300442 0.264089 0.916510 -0.379100 0.000000 0.000000 0.000000 1.000000
-0.919432 0.193959 0.342090 8.479700 -0.069934 -0.936684 0.343122 -4.795500 0.386982 0.291554 0.874781 -0.379100 0.000000 0.000000 0.000000 1.000000
-0.881393 0.262555 0.392697 8.479700 -0.090623 -0.909849 0.404922 -4.795500 0.463610 0.321308 0.825728 -0.379100 0.000000 0.000000 0.000000 1.000000
-0.867261 0.308391 0.390837 8.479700 -0.105843 -0.881308 0.460536 -4.795500 0.486473 0.358038 0.796965 -0.379100 0.000000 0.000000 0.000000 1.000000
-0.865346 0.323974 0.382383 8.479700 -0.115063 -0.871021 0.477581 -4.795500 0.487787 0.369275 0.791012 -0.379100 0.000000 0.000000 0.000000 1.000000
-0.875217 0.317655 0.364815 8.479700 -0.127051 -0.878647 0.460259 -4.795500 0.466747 0.356477 0.809365 -0.379100 0.000000 0.000000 0.000000 1.000000
-0.896991 0.296179 0.328154 8.479700 -0.141806 -0.895910 0.420994 -4.795500 0.418686 0.331093 0.845624 -0.379100 0.000000 0.000000 0.000000 1.000000
-0.925250 0.263411 0.272996 8.479700 -0.150673 -0.915602 0.372788 -4.795500 0.348152 0.303789 0.886850 -0.379100 0.000000 0.000000 0.000000 1.000000
-0.949104 0.232724 0.212227 8.479700 -0.154920 -0.931617 0.328770 -4.795500 0.274227 0.279159 0.920255 -0.379100 0.000000 0.000000 0.000000 1.000000
-0.961196 0.231202 0.150491 8.479700 -0.178557 -0.937252 0.299460 -4.795500 0.210283 0.260968 0.942166 -0.379100 0.000000 0.000000 0.000000 1.000000
-0.965805 0.236083 0.107173 8.479700 -0.198740 -0.939576 0.278746 -4.795500 0.166505 0.247914 0.954366 -0.379100 0.000000 0.000000 0.000000 1.000000
-0.970375 0.227414 0.081582 8.479700 -0.201775 -0.948533 0.244076 -4.795500 0.132890 0.220384 0.966318 -0.379100 0.000000 0.000000 0.000000 1.000000
-0.970348 0.203225 0.130859 8.479700 -0.166447 -0.954377 0.247911 -4.795500 0.175270 0.218779 0.959904 -0.379100 0.000000 0.000000 0.000000 1.000000
-0.950867 0.204335 0.232590 8.479700 -0.151144 -0.962033 0.227261 -4.795500 0.270197 0.180940 0.945650 -0.379100 0.000000 0.000000 0.000000 1.000000
-0.952353 0.192235 0.236789 8.479700 -0.141392 -0.966168 0.215704 -4.795500 0.270243 0.171947 0.947313 -0.379100 0.000000 0.000000 0.000000 1.000000
-0.953176 0.182924 0.240819 8.479700 -0.134748 -0.969798 0.203309 -4.795500 0.270736 0.161339 0.949037 -0.379100 0.000000 0.000000 0.000000 1.000000
-0.953409 0.178664 0.243086 8.479700 -0.132129 -0.971674 0.195939 -4.795500 0.271208 0.154691 0.950009 -0.379100 0.000000 0.000000 0.000000 1.000000</float_array><technique_common><accessor source="#LeftUpLeg-Matrix-animation-output-transform-array" count="29" stride="16"><param type="float4x4"/></accessor></technique_common></source><source id="LeftUpLeg-Interpolations"><Name_array id="LeftUpLeg-Interpolations-array" count="29">
 LINEAR LINEAR LINEAR LINEAR LINEAR LINEAR LINEAR LINEAR LINEAR LINEAR LINEAR
LINEAR LINEAR LINEAR LINEAR LINEAR LINEAR LINEAR LINEAR LINEAR LINEAR LINEAR LINEAR
LINEAR LINEAR LINEAR LINEAR LINEAR LINEAR</Name_array><technique_common><accessor source="#LeftUpLeg-Interpolations-array" count="29"><param type="name"/></accessor></technique_common></source><sampler id="LeftUpLeg-Matrix-animation-transform"><input semantic="INPUT" source="#LeftUpLeg-Matrix-animation-input"/><input semantic="OUTPUT" source="#LeftUpLeg-Matrix-animation-output-transform"/><input semantic="INTERPOLATION" source="#LeftUpLeg-Interpolations"/></sampler><channel source="#LeftUpLeg-Matrix-animation-transform" target="LeftUpLeg/matrix"/></animation>
    <animation id="LeftLeg-anim" name="LeftLeg"><source id="LeftLeg-Matrix-animation-input"><float_array id="LeftLeg-Matrix-animation-input-array" count="29">

0.000000 0.033333 0.066667 0.100000 0.133333 0.166667 0.200000 0.233333 0.266667 0.300000 0.333333 0.366667 0.400000 0.433333 0.466667 0.500000
0.533333 0.566667 0.600000 0.633333 0.666667 0.700000 0.733333 0.766667 0.800000 0.833333 0.866667 0.900000 0.933333</float_array><technique_common><accessor source="#LeftLeg-Matrix-animation-input-array" count="29"><param name="TIME" type="float"/></accessor></technique_common></source><source id="LeftLeg-Matrix-animation-output-transform"><float_array id="LeftLeg-Matrix-animation-output-transform-array" count="464">

0.995344 -0.070877 -0.065325 -0.144400 0.087751 0.946720 0.309873 32.554600 0.039881 -0.314162 0.948531 0.154600 0.000000 0.000000 0.000000 1.000000
0.992737 -0.066990 -0.099925 -0.144400 0.097993 0.932116 0.348651 32.554600 0.069786 -0.355911 0.931911 0.154600 0.000000 0.000000 0.000000 1.000000
0.988751 -0.065185 -0.134622 -0.144400 0.115437 0.904894 0.409685 32.554600 0.095113 -0.420617 0.902239 0.154600 0.000000 0.000000 0.000000 1.000000
0.983076 -0.065458 -0.171103 -0.144400 0.137164 0.882118 0.450614 32.554600 0.121437 -0.466457 0.876168 0.154600 0.000000 0.000000 0.000000 1.000000
0.980123 -0.068436 -0.186212 -0.144400 0.148372 0.875945 0.459027 32.554600 0.131697 -0.477531 0.868689 0.154600 0.000000 0.000000 0.000000 1.000000
0.981212 -0.074203 -0.178090 -0.144400 0.149458 0.876071 0.458435 32.554600 0.122003 -0.476439 0.870701 0.154600 0.000000 0.000000 0.000000 1.000000
0.982537 -0.080109 -0.167938 -0.144400 0.150694 0.872030 0.465677 32.554600 0.109142 -0.482852 0.868874 0.154600 0.000000 0.000000 0.000000 1.000000
0.982855 -0.084763 -0.163739 -0.144400 0.154490 0.863324 0.480422 32.554600 0.100637 -0.497481 0.861617 0.154600 0.000000 0.000000 0.000000 1.000000
0.982730 -0.087780 -0.162898 -0.144400 0.158616 0.852982 0.497256 32.554600 0.095300 -0.514506 0.852174 0.154600 0.000000 0.000000 0.000000 1.000000
0.982191 -0.087632 -0.166200 -0.144400 0.161728 0.844557 0.510458 32.554600 0.095633 -0.528246 0.843688 0.154600 0.000000 0.000000 0.000000 1.000000
0.980519 -0.081646 -0.178654 -0.144400 0.163759 0.842046 0.513946 32.554600 0.108473 -0.533190 0.839012 0.154600 0.000000 0.000000 0.000000 1.000000
0.978213 -0.073607 -0.194115 -0.144400 0.164130 0.846758 0.506027 32.554600 0.127121 -0.526862 0.840391 0.154600 0.000000 0.000000 0.000000 1.000000
0.980359 -0.064374 -0.186418 -0.144400 0.152782 0.845614 0.511464 32.554600 0.124713 -0.529900 0.838840 0.154600 0.000000 0.000000 0.000000 1.000000
0.997368 -0.037843 -0.061845 -0.144400 0.067160 0.803625 0.591335 32.554600 0.027322 -0.593932 0.804051 0.154600 0.000000 0.000000 0.000000 1.000000
0.998286 -0.017307 0.055909 -0.144400 -0.024420 0.744983 0.666636 32.554600 -0.053189 -0.666858 0.743284 0.154600 0.000000 0.000000 0.000000 1.000000
0.997164 -0.005674 0.075042 -0.144400 -0.051887 0.670422 0.740164 32.554600 -0.054509 -0.741959 0.668226 0.154600 0.000000 0.000000 0.000000 1.000000
0.991971 -0.006619 0.126290 -0.144400 -0.092681 0.641391 0.761595 32.554600 -0.086043 -0.767185 0.635628 0.154600 0.000000 0.000000 0.000000 1.000000
0.990194 0.000989 0.139699 -0.144400 -0.105576 0.660171 0.743658 32.554600 -0.091490 -0.751115 0.653802 0.154600 0.000000 0.000000 0.000000 1.000000
0.990255 0.013825 0.138577 -0.144400 -0.108056 0.704017 0.701915 32.554600 -0.087857 -0.710049 0.698650 0.154600 0.000000 0.000000 0.000000 1.000000
0.990641 0.019775 0.135053 -0.144400 -0.102104 0.764004 0.637082 32.554600 -0.090583 -0.644909 0.758872 0.154600 0.000000 0.000000 0.000000 1.000000
0.989706 0.012878 0.142535 -0.144400 -0.089127 0.834698 0.543447 32.554600 -0.111975 -0.550557 0.827254 0.154600 0.000000 0.000000 0.000000 1.000000
0.998425 0.052856 0.018826 -0.144400 -0.055573 0.885340 0.461610 32.554600 0.007731 -0.461930 0.886883 0.154600 0.000000 0.000000 0.000000 1.000000
0.987367 0.081515 -0.135872 -0.144400 -0.020377 0.915721 0.401297 32.554600 0.157132 -0.393459 0.905814 0.154600 0.000000 0.000000 0.000000 1.000000
0.983852 0.062633 -0.167666 -0.144400 -0.005907 0.947625 0.319330 32.554600 0.178885 -0.313183 0.932693 0.154600 0.000000 0.000000 0.000000 1.000000
0.984804 0.007965 -0.173488 -0.144400 0.050894 0.941855 0.332142 32.554600 0.166046 -0.335924 0.927137 0.154600 0.000000 0.000000 0.000000 1.000000
0.997644 -0.002640 0.068552 -0.144400 -0.017235 0.957567 0.287694 32.554600 -0.066402 -0.288197 0.955266 0.154600 0.000000 0.000000 0.000000 1.000000
0.999245 -0.034323 0.018205 -0.144400 0.027227 0.952893 0.302081 32.554600 -0.027715 -0.301358 0.953108 0.154600 0.000000 0.000000 0.000000 1.000000
0.997277 -0.059328 -0.043806 -0.144400 0.070027 0.948103 0.310158 32.554600 0.023132 -0.312381 0.949675 0.154600 0.000000 0.000000 0.000000 1.000000
0.994763 -0.069438 -0.074999 -0.144400 0.089410 0.946726 0.309379 32.554600 0.049521 -0.314464 0.947977 0.154600 0.000000 0.000000 0.000000 1.000000</float_array><technique_common><accessor source="#LeftLeg-Matrix-animation-output-transform-array" count="29" stride="16"><param type="float4x4"/></accessor></technique_common></source><source id="LeftLeg-Interpolations"><Name_array id="LeftLeg-Interpolations-array" count="29">
 LINEAR LINEAR LINEAR LINEAR LINEAR LINEAR LINEAR LINEAR LINEAR LINEAR LINEAR
LINEAR LINEAR LINEAR LINEAR LINEAR LINEAR LINEAR LINEAR LINEAR LINEAR LINEAR LINEAR
LINEAR LINEAR LINEAR LINEAR LINEAR LINEAR</Name_array><technique_common><accessor source="#LeftLeg-Interpolations-array" count="29"><param type="name"/></accessor></technique_common></source><sampler id="LeftLeg-Matrix-animation-transform"><input semantic="INPUT" source="#LeftLeg-Matrix-animation-input"/><input semantic="OUTPUT" source="#LeftLeg-Matrix-animation-output-transform"/><input semantic="INTERPOLATION" source="#LeftLeg-Interpolations"/></sampler><channel source="#LeftLeg-Matrix-animation-transform" target="LeftLeg/matrix"/></animation>
    <animation id="LeftFoot-anim" name="LeftFoot"><source id="LeftFoot-Matrix-animation-input"><float_array id="LeftFoot-Matrix-animation-input-array" count="29">

0.000000 0.033333 0.066667 0.100000 0.133333 0.166667 0.200000 0.233333 0.266667 0.300000 0.333333 0.366667 0.400000 0.433333 0.466667 0.500000
0.533333 0.566667 0.600000 0.633333 0.666667 0.700000 0.733333 0.766667 0.800000 0.833333 0.866667 0.900000 0.933333</float_array><technique_common><accessor source="#LeftFoot-Matrix-animation-input-array" count="29"><param name="TIME" type="float"/></accessor></technique_common></source><source id="LeftFoot-Matrix-animation-output-transform"><float_array id="LeftFoot-Matrix-animation-output-transform-array" count="464">

0.994807 0.055695 -0.085191 -0.002100 -0.099663 0.702932 -0.704240 32.777199 0.020661 0.709073 0.704832 -0.086900 0.000000 0.000000 0.000000 1.000000
0.994559 0.048666 -0.092108 -0.002100 -0.100297 0.686316 -0.720355 32.777199 0.028158 0.725673 0.687463 -0.086900 0.000000 0.000000 0.000000 1.000000
0.994038 0.026520 -0.105758 -0.002100 -0.096772 0.661470 -0.743702 32.777199 0.050233 0.749503 0.660092 -0.086900 0.000000 0.000000 0.000000 1.000000
0.992028 -0.004357 -0.125942 -0.002100 -0.093825 0.641637 -0.761248 32.777199 0.084125 0.766996 0.636113 -0.086900 0.000000 0.000000 0.000000 1.000000
0.988170 -0.044731 -0.146694 -0.002100 -0.085168 0.635406 -0.767467 32.777199 0.127540 0.770882 0.624080 -0.086900 0.000000 0.000000 0.000000 1.000000
0.981382 -0.088709 -0.170353 -0.002100 -0.076168 0.634467 -0.769188 32.777199 0.176317 0.767843 0.615897 -0.086900 0.000000 0.000000 0.000000 1.000000
0.971239 -0.129068 -0.200089 -0.002100 -0.075125 0.631306 -0.771886 32.777199 0.225943 0.764718 0.603453 -0.086900 0.000000 0.000000 0.000000 1.000000
0.958536 -0.164975 -0.232363 -0.002100 -0.080529 0.625344 -0.776183 32.777199 0.273357 0.762711 0.586129 -0.086900 0.000000 0.000000 0.000000 1.000000
0.944569 -0.195785 -0.263547 -0.002100 -0.089345 0.619149 -0.780174 32.777199 0.315921 0.760475 0.567337 -0.086900 0.000000 0.000000 0.000000 1.000000
0.931077 -0.220181 -0.290888 -0.002100 -0.098975 0.614988 -0.782300 32.777199 0.351140 0.757172 0.550809 -0.086900 0.000000 0.000000 0.000000 1.000000
0.920009 -0.235955 -0.312905 -0.002100 -0.107968 0.614930 -0.781156 32.777199 0.376732 0.752453 0.540265 -0.086900 0.000000 0.000000 0.000000 1.000000
0.913524 -0.241126 -0.327615 -0.002100 -0.113840 0.621656 -0.774973 32.777199 0.390530 0.745253 0.540448 -0.086900 0.000000 0.000000 0.000000 1.000000
0.912270 -0.242093 -0.330386 -0.002100 -0.114181 0.624335 -0.772767 32.777199 0.393353 0.742696 0.541919 -0.086900 0.000000 0.000000 0.000000 1.000000
0.914577 -0.296345 -0.275188 -0.002100 -0.040870 0.609251 -0.791923 32.777199 0.402341 0.735522 0.545096 -0.086900 0.000000 0.000000 0.000000 1.000000
0.921047 -0.344070 -0.182450 -0.002100 0.075977 0.618225 -0.782320 32.777199 0.381968 0.706692 0.595556 -0.086900 0.000000 0.000000 0.000000 1.000000
0.938107 -0.334229 -0.090808 -0.002100 0.169840 0.672433 -0.720409 32.777199 0.301844 0.660398 0.687579 -0.086900 0.000000 0.000000 0.000000 1.000000
0.956876 -0.281843 -0.070375 -0.002100 0.170299 0.740506 -0.650115 32.777199 0.235344 0.610095 0.756570 -0.086900 0.000000 0.000000 0.000000 1.000000
0.973523 -0.211105 -0.087684 -0.002100 0.113876 0.780476 -0.614727 32.777199 0.198207 0.588466 0.783851 -0.086900 0.000000 0.000000 0.000000 1.000000
0.977324 -0.174668 -0.119701 -0.002100 0.064782 0.784837 -0.616307 32.777199 0.201595 0.594578 0.778355 -0.086900 0.000000 0.000000 0.000000 1.000000
0.957958 -0.200416 -0.205305 -0.002100 0.027207 0.775807 -0.630383 32.777199 0.285616 0.598295 0.748644 -0.086900 0.000000 0.000000 0.000000 1.000000
0.944801 -0.210854 -0.250782 -0.002100 0.005121 0.774818 -0.632163 32.777199 0.327604 0.595984 0.733129 -0.086900 0.000000 0.000000 0.000000 1.000000
0.976616 -0.095603 -0.192564 -0.002100 -0.048283 0.775274 -0.629777 32.777199 0.209498 0.624348 0.752529 -0.086900 0.000000 0.000000 0.000000 1.000000
0.990166 0.056525 -0.127967 -0.002100 -0.125757 0.760367 -0.637202 32.777199 0.061284 0.647029 0.759999 -0.086900 0.000000 0.000000 0.000000 1.000000
0.982965 0.178637 -0.043221 -0.002100 -0.161087 0.724150 -0.670565 32.777199 -0.088489 0.666105 0.740591 -0.086900 0.000000 0.000000 0.000000 1.000000
0.978244 0.205340 0.029567 -0.002100 -0.123694 0.691729 -0.711485 32.777199 -0.166549 0.692349 0.702079 -0.086900 0.000000 0.000000 0.000000 1.000000
0.997664 0.035335 -0.058456 -0.002100 -0.065213 0.747322 -0.661254 32.777199 0.020320 0.663522 0.747881 -0.086900 0.000000 0.000000 0.000000 1.000000
0.996598 0.046106 -0.068315 -0.002100 -0.080369 0.727317 -0.681580 32.777199 0.018262 0.684752 0.728548 -0.086900 0.000000 0.000000 0.000000 1.000000
0.995477 0.055845 -0.076861 -0.002100 -0.093725 0.709680 -0.698262 32.777199 0.015552 0.702307 0.711704 -0.086900 0.000000 0.000000 0.000000 1.000000
0.994941 0.060178 -0.080447 -0.002100 -0.099461 0.702912 -0.704289 32.777199 0.014164 0.708727 0.705341 -0.086900 0.000000 0.000000 0.000000 1.000000</float_array><technique_common><accessor source="#LeftFoot-Matrix-animation-output-transform-array" count="29" stride="16"><param type="float4x4"/></accessor></technique_common></source><source id="LeftFoot-Interpolations"><Name_array id="LeftFoot-Interpolations-array" count="29">
 LINEAR LINEAR LINEAR LINEAR LINEAR LINEAR LINEAR LINEAR LINEAR LINEAR LINEAR
LINEAR LINEAR LINEAR LINEAR LINEAR LINEAR LINEAR LINEAR LINEAR LINEAR LINEAR LINEAR
LINEAR LINEAR LINEAR LINEAR LINEAR LINEAR</Name_array><technique_common><accessor source="#LeftFoot-Interpolations-array" count="29"><param type="name"/></accessor></technique_common></source><sampler id="LeftFoot-Matrix-animation-transform"><input semantic="INPUT" source="#LeftFoot-Matrix-animation-input"/><input semantic="OUTPUT" source="#LeftFoot-Matrix-animation-output-transform"/><input semantic="INTERPOLATION" source="#LeftFoot-Interpolations"/></sampler><channel source="#LeftFoot-Matrix-animation-transform" target="LeftFoot/matrix"/></animation>
    <animation id="RightUpLeg-anim" name="RightUpLeg"><source id="RightUpLeg-Matrix-animation-input"><float_array id="RightUpLeg-Matrix-animation-input-array" count="29">

0.000000 0.033333 0.066667 0.100000 0.133333 0.166667 0.200000 0.233333 0.266667 0.300000 0.333333 0.366667 0.400000 0.433333 0.466667 0.500000
0.533333 0.566667 0.600000 0.633333 0.666667 0.700000 0.733333 0.766667 0.800000 0.833333 0.866667 0.900000 0.933333</float_array><technique_common><accessor source="#RightUpLeg-Matrix-animation-input-array" count="29"><param name="TIME" type="float"/></accessor></technique_common></source><source id="RightUpLeg-Matrix-animation-output-transform"><float_array id="RightUpLeg-Matrix-animation-output-transform-array" count="464">

-0.982435 0.060973 -0.176363 -8.479700 -0.057796 -0.998061 -0.023101 -4.795500 -0.177430 -0.012502 0.984054 -0.379100 0.000000 0.000000 0.000000 1.000000
-0.983089 0.045848 -0.177299 -8.479700 -0.050430 -0.998498 0.021419 -4.795500 -0.176050 0.029998 0.983924 -0.379100 0.000000 0.000000 0.000000 1.000000
-0.998139 -0.003919 -0.060853 -8.479700 -0.002562 -0.994356 0.106066 -4.795500 -0.060925 0.106024 0.992495 -0.379100 0.000000 0.000000 0.000000 1.000000
-0.999400 -0.034607 -0.001659 -8.479700 0.033829 -0.985041 0.168967 -4.795500 -0.007481 0.168810 0.985620 -0.379100 0.000000 0.000000 0.000000 1.000000
-0.998059 -0.061906 -0.006770 -8.479700 0.059609 -0.981135 0.183905 -4.795500 -0.018027 0.183144 0.982921 -0.379100 0.000000 0.000000 0.000000 1.000000
-0.995482 -0.089132 -0.032722 -8.479700 0.081583 -0.979259 0.185463 -4.795500 -0.048574 0.181955 0.982106 -0.379100 0.000000 0.000000 0.000000 1.000000
-0.988156 -0.103599 -0.113206 -8.479700 0.082232 -0.980341 0.179359 -4.795500 -0.129562 0.167925 0.977249 -0.379100 0.000000 0.000000 0.000000 1.000000
-0.980154 -0.100956 -0.170605 -8.479700 0.072050 -0.983175 0.167856 -4.795500 -0.184681 0.152233 0.970937 -0.379100 0.000000 0.000000 0.000000 1.000000
-0.975596 -0.099675 -0.195646 -8.479700 0.067803 -0.984238 0.163334 -4.795500 -0.208842 0.146083 0.966977 -0.379100 0.000000 0.000000 0.000000 1.000000
-0.968170 -0.106297 -0.226603 -8.479700 0.071593 -0.985123 0.156229 -4.795500 -0.239838 0.135033 0.961376 -0.379100 0.000000 0.000000 0.000000 1.000000
-0.956441 -0.109031 -0.270801 -8.479700 0.074873 -0.988225 0.133439 -4.795500 -0.282161 0.107351 0.953342 -0.379100 0.000000 0.000000 0.000000 1.000000
-0.940378 -0.101619 -0.324596 -8.479700 0.070811 -0.991907 0.105385 -4.795500 -0.332679 0.076117 0.939963 -0.379100 0.000000 0.000000 0.000000 1.000000
-0.926569 -0.080776 -0.367350 -8.479700 0.047055 -0.993889 0.099856 -4.795500 -0.373171 0.075238 0.924707 -0.379100 0.000000 0.000000 0.000000 1.000000
-0.918780 -0.062685 -0.389760 -8.479700 0.027736 -0.995123 0.094662 -4.795500 -0.393793 0.076163 0.916038 -0.379100 0.000000 0.000000 0.000000 1.000000
-0.903793 -0.056481 -0.424226 -8.479700 0.016695 -0.995152 0.096926 -4.795500 -0.427643 0.080519 0.900354 -0.379100 0.000000 0.000000 0.000000 1.000000
-0.893767 -0.054030 -0.445265 -8.479700 0.006928 -0.994263 0.106740 -4.795500 -0.448477 0.092316 0.889014 -0.379100 0.000000 0.000000 0.000000 1.000000
-0.889970 -0.045054 -0.453788 -8.479700 -0.005782 -0.993913 0.110020 -4.795500 -0.455982 0.100538 0.884292 -0.379100 0.000000 0.000000 0.000000 1.000000
-0.889597 -0.030427 -0.455731 -8.479700 -0.018442 -0.994572 0.102403 -4.795500 -0.456373 0.099502 0.884208 -0.379100 0.000000 0.000000 0.000000 1.000000
-0.894106 -0.015143 -0.447599 -8.479700 -0.025755 -0.996036 0.085146 -4.795500 -0.447113 0.087658 0.890172 -0.379100 0.000000 0.000000 0.000000 1.000000
-0.904667 -0.000618 -0.426118 -8.479700 -0.033799 -0.996744 0.073201 -4.795500 -0.424776 0.080625 0.901701 -0.379100 0.000000 0.000000 0.000000 1.000000
-0.917628 0.014982 -0.397157 -8.479700 -0.042441 -0.997269 0.060439 -4.795500 -0.395167 0.072316 0.915758 -0.379100 0.000000 0.000000 0.000000 1.000000
-0.931223 0.029780 -0.363230 -8.479700 -0.049557 -0.997746 0.045249 -4.795500 -0.361064 0.060137 0.930600 -0.379100 0.000000 0.000000 0.000000 1.000000
-0.944723 0.035369 -0.325956 -8.479700 -0.051479 -0.997835 0.040928 -4.795500 -0.323802 0.055446 0.944499 -0.379100 0.000000 0.000000 0.000000 1.000000
-0.958819 0.032941 -0.282102 -8.479700 -0.050584 -0.997177 0.055486 -4.795500 -0.279478 0.067471 0.957779 -0.379100 0.000000 0.000000 0.000000 1.000000
-0.969924 0.035340 -0.240830 -8.479700 -0.051606 -0.996768 0.061571 -4.795500 -0.237876 0.072148 0.968612 -0.379100 0.000000 0.000000 0.000000 1.000000
-0.975617 0.041918 -0.215438 -8.479700 -0.052960 -0.997549 0.045737 -4.795500 -0.212993 0.056031 0.975446 -0.379100 0.000000 0.000000 0.000000 1.000000
-0.978865 0.051271 -0.197977 -8.479700 -0.056243 -0.998225 0.019567 -4.795500 -0.196622 0.030288 0.980011 -0.379100 0.000000 0.000000 0.000000 1.000000
-0.981471 0.057944 -0.182639 -8.479700 -0.057769 -0.998310 -0.006285 -4.795500 -0.182694 0.004382 0.983160 -0.379100 0.000000 0.000000 0.000000 1.000000
-0.982566 0.061509 -0.175443 -8.479700 -0.058384 -0.998031 -0.022923 -4.795500 -0.176508 -0.012281 0.984223 -0.379100 0.000000 0.000000 0.000000 1.000000</float_array><technique_common><accessor source="#RightUpLeg-Matrix-animation-output-transform-array" count="29" stride="16"><param type="float4x4"/></accessor></technique_common></source><source id="RightUpLeg-Interpolations"><Name_array id="RightUpLeg-Interpolations-array" count="29">
 LINEAR LINEAR LINEAR LINEAR LINEAR LINEAR LINEAR LINEAR LINEAR LINEAR LINEAR
LINEAR LINEAR LINEAR LINEAR LINEAR LINEAR LINEAR LINEAR LINEAR LINEAR LINEAR LINEAR
LINEAR LINEAR LINEAR LINEAR LINEAR LINEAR</Name_array><technique_common><accessor source="#RightUpLeg-Interpolations-array" count="29"><param type="name"/></accessor></technique_common></source><sampler id="RightUpLeg-Matrix-animation-transform"><input semantic="INPUT" source="#RightUpLeg-Matrix-animation-input"/><input semantic="OUTPUT" source="#RightUpLeg-Matrix-animation-output-transform"/><input semantic="INTERPOLATION" source="#RightUpLeg-Interpolations"/></sampler><channel source="#RightUpLeg-Matrix-animation-transform" target="RightUpLeg/matrix"/></animation>
    <animation id="RightLeg-anim" name="RightLeg"><source id="RightLeg-Matrix-animation-input"><float_array id="RightLeg-Matrix-animation-input-array" count="29">

0.000000 0.033333 0.066667 0.100000 0.133333 0.166667 0.200000 0.233333 0.266667 0.300000 0.333333 0.366667 0.400000 0.433333 0.466667 0.500000
0.533333 0.566667 0.600000 0.633333 0.666667 0.700000 0.733333 0.766667 0.800000 0.833333 0.866667 0.900000 0.933333</float_array><technique_common><accessor source="#RightLeg-Matrix-animation-input-array" count="29"><param name="TIME" type="float"/></accessor></technique_common></source><source id="RightLeg-Matrix-animation-output-transform"><float_array id="RightLeg-Matrix-animation-output-transform-array" count="464">

0.979396 0.043329 0.197245 0.144400 -0.081111 0.978869 0.187714 32.554600 -0.184943 -0.199845 0.962215 0.154600 0.000000 0.000000 0.000000 1.000000
0.986114 0.043858 0.160177 0.144400 -0.083245 0.965118 0.248231 32.554600 -0.143702 -0.258117 0.955366 0.154600 0.000000 0.000000 0.000000 1.000000
0.980245 -0.020382 0.196733 0.144400 -0.054513 0.928309 0.367793 32.554600 -0.190125 -0.371252 0.908859 0.154600 0.000000 0.000000 0.000000 1.000000
0.979527 -0.049933 0.195023 0.144400 -0.049714 0.878749 0.474688 32.554600 -0.195079 -0.474665 0.858276 0.154600 0.000000 0.000000 0.000000 1.000000
0.977957 -0.075621 0.194633 0.144400 -0.033266 0.863788 0.502756 32.554600 -0.206141 -0.498148 0.842232 0.154600 0.000000 0.000000 0.000000 1.000000
0.974619 -0.115280 0.191906 0.144400 0.000787 0.858981 0.512007 32.554600 -0.223868 -0.498861 0.837270 0.154600 0.000000 0.000000 0.000000 1.000000
0.971698 -0.168828 0.165225 0.144400 0.057825 0.848157 0.526580 32.554600 -0.229038 -0.502123 0.833915 0.154600 0.000000 0.000000 0.000000 1.000000
0.964403 -0.189467 0.184470 0.144400 0.059715 0.835614 0.546061 32.554600 -0.257607 -0.515608 0.817183 0.154600 0.000000 0.000000 0.000000 1.000000
0.965164 -0.184524 0.185497 0.144400 0.046491 0.818631 0.572435 32.554600 -0.257481 -0.543869 0.798692 0.154600 0.000000 0.000000 0.000000 1.000000
0.965521 -0.182596 0.185546 0.144400 0.041570 0.811748 0.582527 32.554600 -0.256984 -0.554729 0.791350 0.154600 0.000000 0.000000 0.000000 1.000000
0.965216 -0.181383 0.188304 0.144400 0.041808 0.818026 0.573659 32.554600 -0.258089 -0.545832 0.797156 0.154600 0.000000 0.000000 0.000000 1.000000
0.965264 -0.180887 0.188533 0.144400 0.053793 0.843718 0.534085 32.554600 -0.255677 -0.505391 0.824141 0.154600 0.000000 0.000000 0.000000 1.000000
0.966098 -0.181384 0.183722 0.144400 0.065922 0.861342 0.503731 32.554600 -0.249616 -0.474542 0.844098 0.154600 0.000000 0.000000 0.000000 1.000000
0.965908 -0.184354 0.181758 0.144400 0.075577 0.872292 0.483110 32.554600 -0.247609 -0.452903 0.856486 0.154600 0.000000 0.000000 0.000000 1.000000
0.972367 -0.180674 0.147851 0.144400 0.091298 0.877156 0.471447 32.554600 -0.214867 -0.444921 0.869412 0.154600 0.000000 0.000000 0.000000 1.000000
0.981242 -0.162720 0.103372 0.144400 0.095082 0.874969 0.474752 32.554600 -0.167699 -0.456018 0.874028 0.154600 0.000000 0.000000 0.000000 1.000000
