<?xml version="1.0" encoding="utf-8"?>
<COLLADA xmlns="http://www.collada.org/2005/11/COLLADASchema" version="1.4.1">
  <asset><contributor><author>Mixamo</author><authoring_tool>COLLADA Mixamo exporter</authoring_tool><comments></comments></contributor><created>2017-03-27T20:52:45Z</created><modified>2017-03-27T20:52:45Z</modified><revision></revision><title></title><unit meter="0.010000"/><up_axis>Y_UP</up_axis></asset>
  <library_animations>
    <animation id="Hips-anim" name="Hips"><source id="Hips-Matrix-animation-input"><float_array id="Hips-Matrix-animation-input-array" count="32">

0.000000 0.033333 0.066667 0.100000 0.133333 0.166667 0.200000 0.233333 0.266667 0.300000 0.333333 0.366667 0.400000 0.433333 0.466667 0.500000
0.533333 0.566667 0.600000 0.633333 0.666667 0.700000 0.733333 0.766667 0.800000 0.833333 0.866667 0.900000 0.933333 0.966667 1.000000 1.033333</float_array><technique_common><accessor source="#Hips-Matrix-animation-input-array" count="32"><param name="TIME" type="float"/></accessor></technique_common></source><source id="Hips-Matrix-animation-output-transform"><float_array id="Hips-Matrix-animation-output-transform-array" count="512">

0.403517 -0.071286 -0.912191 -0.578163 -0.010021 0.996556 -0.082311 80.248978 0.914917 0.042355 0.401413 0.258261 0.000000 0.000000 0.000000 1.000000
0.371101 -0.085289 -0.924667 -4.878094 0.003333 0.995889 -0.090521 80.470284 0.928587 0.030511 0.369859 0.460923 0.000000 0.000000 0.000000 1.000000
0.332265 -0.095213 -0.938368 -9.207782 0.001815 0.994954 -0.100312 80.096504 0.943184 0.031627 0.330761 0.707356 0.000000 0.000000 0.000000 1.000000
0.268277 -0.097044 -0.958442 -13.674503 -0.010952 0.994542 -0.103765 79.146980 0.963280 0.038335 0.265749 0.897014 0.000000 0.000000 0.000000 1.000000
0.189444 -0.094767 -0.977308 -18.522568 -0.033620 0.994122 -0.102914 77.501411 0.981316 0.052353 0.185144 1.050775 0.000000 0.000000 0.000000 1.000000
0.122190 -0.093440 -0.988098 -23.319374 -0.054033 0.993456 -0.100628 75.963425 0.991035 0.065685 0.116342 1.090843 0.000000 0.000000 0.000000 1.000000
0.093776 -0.096304 -0.990925 -28.020132 -0.058507 0.993058 -0.102048 74.869576 0.993873 0.067545 0.087491 1.050825 0.000000 0.000000 0.000000 1.000000
0.107785 -0.103818 -0.988739 -33.169392 -0.033092 0.993607 -0.107936 74.223167 0.993623 0.044353 0.103661 0.999141 0.000000 0.000000 0.000000 1.000000
0.143137 -0.108780 -0.983707 -38.606789 -0.008640 0.993766 -0.111149 73.756859 0.989665 0.024409 0.141304 1.000349 0.000000 0.000000 0.000000 1.000000
0.194534 -0.117270 -0.973860 -43.466366 0.033429 0.993044 -0.112902 73.826500 0.980326 -0.010592 0.197101 0.850807 0.000000 0.000000 0.000000 1.000000
0.247065 -0.129202 -0.960347 -47.375053 0.080476 0.990383 -0.112540 74.049561 0.965651 -0.049480 0.255087 0.735871 0.000000 0.000000 0.000000 1.000000
0.295073 -0.138269 -0.945417 -51.378426 0.106951 0.988035 -0.111122 74.872360 0.949470 -0.068324 0.306331 0.715215 0.000000 0.000000 0.000000 1.000000
0.334884 -0.140006 -0.931800 -55.684715 0.103284 0.988395 -0.111389 76.382759 0.936582 -0.058938 0.345458 0.599656 0.000000 0.000000 0.000000 1.000000
0.372954 -0.138030 -0.917526 -59.907188 0.083095 0.989868 -0.115136 77.870308 0.924122 -0.033301 0.380645 0.399524 0.000000 0.000000 0.000000 1.000000
0.396909 -0.137992 -0.907426 -64.016724 0.060995 0.990414 -0.123933 79.275177 0.915829 -0.006158 0.401521 0.276597 0.000000 0.000000 0.000000 1.000000
0.403808 -0.135662 -0.904729 -67.957115 0.040285 0.990622 -0.130561 80.416634 0.913956 0.016275 0.405486 0.459552 0.000000 0.000000 0.000000 1.000000
0.407686 -0.134096 -0.903222 -71.808334 0.027409 0.990510 -0.134683 81.064873 0.912711 0.030152 0.407492 0.803603 0.000000 0.000000 0.000000 1.000000
0.414772 -0.138443 -0.899332 -75.744415 0.029321 0.989878 -0.138858 81.160286 0.909453 0.031226 0.414633 1.054449 0.000000 0.000000 0.000000 1.000000
0.427739 -0.148835 -0.891565 -79.869484 0.045515 0.988646 -0.143205 80.657486 0.902756 0.020675 0.429657 1.221248 0.000000 0.000000 0.000000 1.000000
0.452418 -0.157313 -0.877821 -84.383179 0.071021 0.987548 -0.140374 79.194565 0.888974 0.001164 0.457957 1.318637 0.000000 0.000000 0.000000 1.000000
0.475460 -0.159218 -0.865209 -88.913750 0.089140 0.987144 -0.132672 77.814461 0.875209 -0.014044 0.483540 1.416360 0.000000 0.000000 0.000000 1.000000
0.483717 -0.158275 -0.860794 -93.350075 0.094203 0.987214 -0.128584 76.667053 0.870140 -0.018891 0.492442 1.446433 0.000000 0.000000 0.000000 1.000000
0.481981 -0.143033 -0.864428 -98.122635 0.077395 0.989679 -0.120605 75.912598 0.872757 -0.008773 0.488077 1.345648 0.000000 0.000000 0.000000 1.000000
0.483636 -0.118000 -0.867278 -103.547226 0.049020 0.992967 -0.107765 75.243080 0.873895 0.009605 0.486019 1.027680 0.000000 0.000000 0.000000 1.000000
0.484474 -0.107191 -0.868214 -108.833427 0.025759 0.993782 -0.108320 74.553436 0.874427 0.030113 0.484222 0.625730 0.000000 0.000000 0.000000 1.000000
0.482400 -0.098065 -0.870444 -113.528603 0.000672 0.993755 -0.111585 74.154282 0.875951 0.053244 0.479453 0.307890 0.000000 0.000000 0.000000 1.000000
0.490267 -0.075617 -0.868286 -117.909317 -0.033607 0.993848 -0.105528 74.285988 0.870924 0.080918 0.484710 0.121037 0.000000 0.000000 0.000000 1.000000
0.490995 -0.063523 -0.868844 -122.410316 -0.048296 0.993819 -0.099953 75.115959 0.869823 0.091038 0.484892 -0.009033 0.000000 0.000000 0.000000 1.000000
0.469371 -0.062503 -0.880786 -126.982758 -0.045785 0.994427 -0.094967 76.533089 0.881813 0.084902 0.463894 -0.050452 0.000000 0.000000 0.000000 1.000000
0.444799 -0.060681 -0.893572 -131.539917 -0.041150 0.995264 -0.088069 77.997009 0.894685 0.075943 0.440196 0.032372 0.000000 0.000000 0.000000 1.000000
0.426476 -0.062529 -0.902335 -136.003845 -0.029434 0.996120 -0.082940 79.354546 0.904020 0.061931 0.422980 0.137956 0.000000 0.000000 0.000000 1.000000
0.403517 -0.071286 -0.912191 -140.345520 -0.010021 0.996556 -0.082311 80.248978 0.914917 0.042355 0.401413 0.258262 0.000000 0.000000 0.000000 1.000000</float_array><technique_common><accessor source="#Hips-Matrix-animation-output-transform-array" count="32" stride="16"><param type="float4x4"/></accessor></technique_common></source><source id="Hips-Interpolations"><Name_array id="Hips-Interpolations-array" count="32">
 LINEAR LINEAR LINEAR LINEAR LINEAR LINEAR LINEAR LINEAR LINEAR LINEAR LINEAR
LINEAR LINEAR LINEAR LINEAR LINEAR LINEAR LINEAR LINEAR LINEAR LINEAR LINEAR LINEAR
LINEAR LINEAR LINEAR LINEAR LINEAR LINEAR LINEAR LINEAR LINEAR</Name_array><technique_common><accessor source="#Hips-Interpolations-array" count="32"><param type="name"/></accessor></technique_common></source><sampler id="Hips-Matrix-animation-transform"><input semantic="INPUT" source="#Hips-Matrix-animation-input"/><input semantic="OUTPUT" source="#Hips-Matrix-animation-output-transform"/><input semantic="INTERPOLATION" source="#Hips-Interpolations"/></sampler><channel source="#Hips-Matrix-animation-transform" target="Hips/matrix"/></animation>
    <animation id="Pelvis-anim" name="Pelvis"><source id="Pelvis-Matrix-animation-input"><float_array id="Pelvis-Matrix-animation-input-array" count="32">

0.000000 0.033333 0.066667 0.100000 0.133333 0.166667 0.200000 0.233333 0.266667 0.300000 0.333333 0.366667 0.400000 0.433333 0.466667 0.500000
0.533333 0.566667 0.600000 0.633333 0.666667 0.700000 0.733333 0.766667 0.800000 0.833333 0.866667 0.900000 0.933333 0.966667 1.000000 1.033333</float_array><technique_common><accessor source="#Pelvis-Matrix-animation-input-array" count="32"><param name="TIME" type="float"/></accessor></technique_common></source><source id="Pelvis-Matrix-animation-output-transform"><float_array id="Pelvis-Matrix-animation-output-transform-array" count="512">

1.000000 0.000000 0.000000 0.000000 0.000000 1.000000 0.000000 0.000000 0.000000 -0.000000 1.000000 0.000000 0.000000 0.000000 0.000000 1.000000
1.000000 0.000000 0.000000 0.000000 0.000000 1.000000 0.000000 0.000000 -0.000000 -0.000000 1.000000 0.000000 0.000000 0.000000 0.000000 1.000000
1.000000 0.000000 0.000000 0.000000 0.000000 1.000000 0.000000 0.000000 0.000000 -0.000000 1.000000 0.000000 0.000000 0.000000 0.000000 1.000000
1.000000 0.000000 0.000000 0.000000 0.000000 1.000000 -0.000000 0.000000 0.000000 0.000000 1.000000 0.000000 0.000000 0.000000 0.000000 1.000000
1.000000 0.000000 0.000000 0.000000 0.000000 1.000000 0.000000 0.000000 0.000000 0.000000 1.000000 0.000000 0.000000 0.000000 0.000000 1.000000
1.000000 0.000000 -0.000000 0.000000 -0.000000 1.000000 -0.000000 0.000000 0.000000 -0.000000 1.000000 0.000000 0.000000 0.000000 0.000000 1.000000
1.000000 -0.000000 -0.000000 0.000000 0.000000 1.000000 0.000000 0.000000 0.000000 -0.000000 1.000000 0.000000 0.000000 0.000000 0.000000 1.000000
1.000000 0.000000 0.000000 0.000000 0.000000 1.000000 -0.000000 0.000000 -0.000000 -0.000000 1.000000 0.000000 0.000000 0.000000 0.000000 1.000000
1.000000 0.000000 0.000000 0.000000 0.000000 1.000000 0.000000 0.000000 0.000000 -0.000000 1.000000 0.000000 0.000000 0.000000 0.000000 1.000000
1.000000 0.000000 0.000000 0.000000 -0.000000 1.000000 -0.000000 0.000000 0.000000 -0.000000 1.000000 0.000000 0.000000 0.000000 0.000000 1.000000
1.000000 -0.000000 -0.000000 0.000000 0.000000 1.000000 0.000000 0.000000 0.000000 -0.000000 1.000000 0.000000 0.000000 0.000000 0.000000 1.000000
1.000000 -0.000000 0.000000 0.000000 0.000000 1.000000 -0.000000 0.000000 0.000000 -0.000000 1.000000 0.000000 0.000000 0.000000 0.000000 1.000000
1.000000 0.000000 0.000000 0.000000 -0.000000 1.000000 -0.000000 0.000000 0.000000 0.000000 1.000000 0.000000 0.000000 0.000000 0.000000 1.000000
1.000000 -0.000000 0.000000 0.000000 0.000000 1.000000 -0.000000 0.000000 0.000000 -0.000000 1.000000 0.000000 0.000000 0.000000 0.000000 1.000000
1.000000 -0.000000 0.000000 0.000000 -0.000000 1.000000 0.000000 0.000000 0.000000 0.000000 1.000000 0.000000 0.000000 0.000000 0.000000 1.000000
1.000000 0.000000 0.000000 0.000000 -0.000000 1.000000 -0.000000 0.000000 0.000000 0.000000 1.000000 0.000000 0.000000 0.000000 0.000000 1.000000
1.000000 0.000000 0.000000 0.000000 0.000000 1.000000 -0.000000 0.000000 0.000000 -0.000000 1.000000 0.000000 0.000000 0.000000 0.000000 1.000000
1.000000 0.000000 0.000000 0.000000 0.000000 1.000000 -0.000000 0.000000 0.000000 -0.000000 1.000000 0.000000 0.000000 0.000000 0.000000 1.000000
1.000000 0.000000 0.000000 0.000000 -0.000000 1.000000 0.000000 0.000000 -0.000000 0.000000 1.000000 0.000000 0.000000 0.000000 0.000000 1.000000
1.000000 -0.000000 0.000000 0.000000 -0.000000 1.000000 0.000000 0.000000 0.000000 0.000000 1.000000 0.000000 0.000000 0.000000 0.000000 1.000000
1.000000 0.000000 -0.000000 0.000000 0.000000 1.000000 0.000000 0.000000 -0.000000 0.000000 1.000000 0.000000 0.000000 0.000000 0.000000 1.000000
1.000000 0.000000 0.000000 0.000000 -0.000000 1.000000 0.000000 0.000000 0.000000 0.000000 1.000000 0.000000 0.000000 0.000000 0.000000 1.000000
1.000000 -0.000000 0.000000 0.000000 0.000000 1.000000 -0.000000 0.000000 0.000000 -0.000000 1.000000 0.000000 0.000000 0.000000 0.000000 1.000000
1.000000 -0.000000 0.000000 0.000000 -0.000000 1.000000 0.000000 0.000000 0.000000 0.000000 1.000000 0.000000 0.000000 0.000000 0.000000 1.000000
1.000000 0.000000 0.000000 0.000000 0.000000 1.000000 -0.000000 0.000000 0.000000 -0.000000 1.000000 0.000000 0.000000 0.000000 0.000000 1.000000
1.000000 0.000000 0.000000 0.000000 0.000000 1.000000 -0.000000 0.000000 0.000000 -0.000000 1.000000 0.000000 0.000000 0.000000 0.000000 1.000000
1.000000 -0.000000 0.000000 0.000000 0.000000 1.000000 -0.000000 0.000000 0.000000 -0.000000 1.000000 0.000000 0.000000 0.000000 0.000000 1.000000
1.000000 0.000000 -0.000000 0.000000 -0.000000 1.000000 0.000000 0.000000 0.000000 0.000000 1.000000 0.000000 0.000000 0.000000 0.000000 1.000000
1.000000 0.000000 -0.000000 0.000000 -0.000000 1.000000 -0.000000 0.000000 0.000000 0.000000 1.000000 0.000000 0.000000 0.000000 0.000000 1.000000
1.000000 0.000000 0.000000 0.000000 0.000000 1.000000 -0.000000 0.000000 0.000000 0.000000 1.000000 0.000000 0.000000 0.000000 0.000000 1.000000
1.000000 -0.000000 0.000000 0.000000 0.000000 1.000000 -0.000000 0.000000 -0.000000 -0.000000 1.000000 0.000000 0.000000 0.000000 0.000000 1.000000
1.000000 0.000000 0.000000 0.000000 -0.000000 1.000000 -0.000000 0.000000 -0.000000 0.000000 1.000000 0.000000 0.000000 0.000000 0.000000 1.000000</float_array><technique_common><accessor source="#Pelvis-Matrix-animation-output-transform-array" count="32" stride="16"><param type="float4x4"/></accessor></technique_common></source><source id="Pelvis-Interpolations"><Name_array id="Pelvis-Interpolations-array" count="32">
 LINEAR LINEAR LINEAR LINEAR LINEAR LINEAR LINEAR LINEAR LINEAR LINEAR LINEAR
LINEAR LINEAR LINEAR LINEAR LINEAR LINEAR LINEAR LINEAR LINEAR LINEAR LINEAR LINEAR
LINEAR LINEAR LINEAR LINEAR LINEAR LINEAR LINEAR LINEAR LINEAR</Name_array><technique_common><accessor source="#Pelvis-Interpolations-array" count="32"><param type="name"/></accessor></technique_common></source><sampler id="Pelvis-Matrix-animation-transform"><input semantic="INPUT" source="#Pelvis-Matrix-animation-input"/><input semantic="OUTPUT" source="#Pelvis-Matrix-animation-output-transform"/><input semantic="INTERPOLATION" source="#Pelvis-Interpolations"/></sampler><channel source="#Pelvis-Matrix-animation-transform" target="Pelvis/matrix"/></animation>
    <animation id="LeftUpLeg-anim" name="LeftUpLeg"><source id="LeftUpLeg-Matrix-animation-input"><float_array id="LeftUpLeg-Matrix-animation-input-array" count="32">

0.000000 0.033333 0.066667 0.100000 0.133333 0.166667 0.200000 0.233333 0.266667 0.300000 0.333333 0.366667 0.400000 0.433333 0.466667 0.500000
0.533333 0.566667 0.600000 0.633333 0.666667 0.700000 0.733333 0.766667 0.800000 0.833333 0.866667 0.900000 0.933333 0.966667 1.000000 1.033333</float_array><technique_common><accessor source="#LeftUpLeg-Matrix-animation-input-array" count="32"><param name="TIME" type="float"/></accessor></technique_common></source><source id="LeftUpLeg-Matrix-animation-output-transform"><float_array id="LeftUpLeg-Matrix-animation-output-transform-array" count="512">

-0.998178 0.053516 -0.027869 8.479700 -0.059453 -0.793523 0.605629 -4.795500 0.010296 0.606183 0.795259 -0.379100 0.000000 0.000000 0.000000 1.000000
-0.999917 0.007942 0.010129 8.479700 0.000035 -0.785283 0.619137 -4.795500 0.012871 0.619086 0.785218 -0.379100 0.000000 0.000000 0.000000 1.000000
-0.999634 -0.016009 0.021789 8.479700 0.025998 -0.790483 0.611931 -4.795500 0.007427 0.612274 0.790611 -0.379100 0.000000 0.000000 0.000000 1.000000
-0.999569 -0.019424 0.022012 8.479700 0.028961 -0.775104 0.631170 -4.795500 0.004801 0.631535 0.775332 -0.379100 0.000000 0.000000 0.000000 1.000000
-0.999264 0.025780 0.028403 8.479700 -0.000517 -0.749452 0.662059 -4.795500 0.038354 0.661557 0.748914 -0.379100 0.000000 0.000000 0.000000 1.000000
-0.997657 0.063938 0.024328 8.479700 -0.027220 -0.697279 0.716283 -4.795500 0.062761 0.713942 0.697386 -0.379100 0.000000 0.000000 0.000000 1.000000
-0.999340 0.029756 0.020846 8.479700 -0.003648 -0.653057 0.757300 -4.795500 0.036147 0.756724 0.652735 -0.379100 0.000000 0.000000 0.000000 1.000000
-0.999807 -0.013842 0.013973 8.479700 0.019648 -0.670783 0.741393 -4.795500 -0.000889 0.741524 0.670925 -0.379100 0.000000 0.000000 0.000000 1.000000
-0.998525 -0.054249 0.001996 8.479700 0.036384 -0.641508 0.766253 -4.795500 -0.040288 0.765196 0.642536 -0.379100 0.000000 0.000000 0.000000 1.000000
-0.994836 -0.100524 0.013976 8.479700 0.075229 -0.637953 0.766392 -4.795500 -0.068125 0.763486 0.642222 -0.379100 0.000000 0.000000 0.000000 1.000000
-0.988406 -0.144848 0.045519 8.479700 0.130322 -0.655535 0.743835 -4.795500 -0.077904 0.741143 0.666812 -0.379100 0.000000 0.000000 0.000000 1.000000
-0.984166 -0.161371 0.073333 8.479700 0.166209 -0.696425 0.698116 -4.795500 -0.061585 0.699250 0.712219 -0.379100 0.000000 0.000000 0.000000 1.000000
-0.986505 -0.138900 0.086689 8.479700 0.162274 -0.758937 0.630621 -4.795500 -0.021801 0.636178 0.771234 -0.379100 0.000000 0.000000 0.000000 1.000000
-0.991044 -0.093805 0.095040 8.479700 0.131196 -0.816639 0.562040 -4.795500 0.024892 0.569475 0.821632 -0.379100 0.000000 0.000000 0.000000 1.000000
-0.993802 -0.043851 0.102150 8.479700 0.088630 -0.867210 0.489991 -4.795500 0.067099 0.496008 0.865722 -0.379100 0.000000 0.000000 0.000000 1.000000
-0.993936 0.000916 0.109959 8.479700 0.044565 -0.910810 0.410413 -4.795500 0.100528 0.412825 0.905246 -0.379100 0.000000 0.000000 0.000000 1.000000
-0.992314 0.034229 0.118913 8.479700 0.007212 -0.943351 0.331717 -4.795500 0.123531 0.330025 0.935854 -0.379100 0.000000 0.000000 0.000000 1.000000
-0.990426 0.053435 0.127287 8.479700 -0.018877 -0.965808 0.258570 -4.795500 0.136751 0.253691 0.957570 -0.379100 0.000000 0.000000 0.000000 1.000000
-0.989338 0.061813 0.131866 8.479700 -0.035071 -0.979932 0.196223 -4.795500 0.141349 0.189506 0.971652 -0.379100 0.000000 0.000000 0.000000 1.000000
-0.983698 0.083066 0.159493 8.479700 -0.056353 -0.984641 0.165248 -4.795500 0.170770 0.153566 0.973270 -0.379100 0.000000 0.000000 0.000000 1.000000
-0.978841 0.108641 0.173399 8.479700 -0.090790 -0.990021 0.107776 -4.795500 0.183377 0.089753 0.978937 -0.379100 0.000000 0.000000 0.000000 1.000000
-0.973909 0.135078 0.182358 8.479700 -0.131859 -0.990823 0.029716 -4.795500 0.184698 0.004895 0.982783 -0.379100 0.000000 0.000000 0.000000 1.000000
-0.961598 0.189076 0.198945 8.479700 -0.197162 -0.980136 -0.021465 -4.795500 0.190934 -0.059865 0.979776 -0.379100 0.000000 0.000000 0.000000 1.000000
-0.940665 0.271884 0.203050 8.479700 -0.283323 -0.958586 -0.029000 -4.795500 0.186756 -0.084808 0.978739 -0.379100 0.000000 0.000000 0.000000 1.000000
-0.929937 0.337296 0.146453 8.479700 -0.339133 -0.940648 0.013008 -4.795500 0.142148 -0.037571 0.989132 -0.379100 0.000000 0.000000 0.000000 1.000000
-0.934216 0.354666 0.038123 8.479700 -0.349778 -0.931783 0.097140 -4.795500 0.069974 0.077416 0.994540 -0.379100 0.000000 0.000000 0.000000 1.000000
-0.933011 0.347559 -0.093242 8.479700 -0.359724 -0.907642 0.216297 -4.795500 -0.009454 0.235349 0.971865 -0.379100 0.000000 0.000000 0.000000 1.000000
-0.941954 0.290075 -0.169054 8.479700 -0.331764 -0.881466 0.336080 -4.795500 -0.051527 0.372658 0.926537 -0.379100 0.000000 0.000000 0.000000 1.000000
-0.960537 0.226408 -0.161578 8.479700 -0.275460 -0.854906 0.439611 -4.795500 -0.038603 0.466771 0.883535 -0.379100 0.000000 0.000000 0.000000 1.000000
-0.977633 0.171927 -0.121138 8.479700 -0.210024 -0.828484 0.519138 -4.795500 -0.011107 0.532968 0.846062 -0.379100 0.000000 0.000000 0.000000 1.000000
-0.990746 0.112407 -0.076078 8.479700 -0.135696 -0.807407 0.574177 -4.795500 0.003115 0.579187 0.815189 -0.379100 0.000000 0.000000 0.000000 1.000000
-0.998178 0.053516 -0.027870 8.479700 -0.059454 -0.793523 0.605629 -4.795500 0.010296 0.606183 0.795259 -0.379100 0.000000 0.000000 0.000000 1.000000</float_array><technique_common><accessor source="#LeftUpLeg-Matrix-animation-output-transform-array" count="32" stride="16"><param type="float4x4"/></accessor></technique_common></source><source id="LeftUpLeg-Interpolations"><Name_array id="LeftUpLeg-Interpolations-array" count="32">
 LINEAR LINEAR LINEAR LINEAR LINEAR LINEAR LINEAR LINEAR LINEAR LINEAR LINEAR
LINEAR LINEAR LINEAR LINEAR LINEAR LINEAR LINEAR LINEAR LINEAR LINEAR LINEAR LINEAR
LINEAR LINEAR LINEAR LINEAR LINEAR LINEAR LINEAR LINEAR LINEAR</Name_array><technique_common><accessor source="#LeftUpLeg-Interpolations-array" count="32"><param type="name"/></accessor></technique_common></source><sampler id="LeftUpLeg-Matrix-animation-transform"><input semantic="INPUT" source="#LeftUpLeg-Matrix-animation-input"/><input semantic="OUTPUT" source="#LeftUpLeg-Matrix-animation-output-transform"/><input semantic="INTERPOLATION" source="#LeftUpLeg-Interpolations"/></sampler><channel source="#LeftUpLeg-Matrix-animation-transform" target="LeftUpLeg/matrix"/></animation>
    <animation id="LeftLeg-anim" name="LeftLeg"><source id="LeftLeg-Matrix-animation-input"><float_array id="LeftLeg-Matrix-animation-input-array" count="32">

0.000000 0.033333 0.066667 0.100000 0.133333 0.166667 0.200000 0.233333 0.266667 0.300000 0.333333 0.366667 0.400000 0.433333 0.466667 0.500000
0.533333 0.566667 0.600000 0.633333 0.666667 0.700000 0.733333 0.766667 0.800000 0.833333 0.866667 0.900000 0.933333 0.966667 1.000000 1.033333</float_array><technique_common><accessor source="#LeftLeg-Matrix-animation-input-array" count="32"><param name="TIME" type="float"/></accessor></technique_common></source><source id="LeftLeg-Matrix-animation-output-transform"><float_array id="LeftLeg-Matrix-animation-output-transform-array" count="512">

0.999416 -0.003518 0.033983 -0.144400 -0.027808 0.494107 0.868956 32.554600 -0.019848 -0.869394 0.493721 0.154600 0.000000 0.000000 0.000000 1.000000
0.999995 -0.002739 -0.001807 -0.144400 0.003176 0.669272 0.743011 32.554600 -0.000826 -0.743013 0.669277 0.154600 0.000000 0.000000 0.000000 1.000000
0.999798 -0.003334 -0.019810 -0.144400 0.013464 0.843084 0.537613 32.554600 0.014909 -0.537771 0.842959 0.154600 0.000000 0.000000 0.000000 1.000000
0.999374 -0.003313 -0.035218 -0.144400 0.016271 0.927074 0.374524 32.554600 0.031409 -0.374863 0.926548 0.154600 0.000000 0.000000 0.000000 1.000000
0.997822 -0.002198 -0.065934 -0.144400 0.021323 0.956540 0.290820 32.554600 0.062429 -0.291592 0.954503 0.154600 0.000000 0.000000 0.000000 1.000000
0.994055 0.000798 -0.108875 -0.144400 0.038683 0.932145 0.360012 32.554600 0.101775 -0.362084 0.926573 0.154600 0.000000 0.000000 0.000000 1.000000
0.992957 -0.001603 -0.118466 -0.144400 0.056400 0.885733 0.460755 32.554600 0.104191 -0.464192 0.879585 0.154600 0.000000 0.000000 0.000000 1.000000
0.981467 0.003659 -0.191595 -0.144400 0.073913 0.915225 0.396107 32.554600 0.176802 -0.402927 0.897992 0.154600 0.000000 0.000000 0.000000 1.000000
0.980929 0.002806 -0.194344 -0.144400 0.107534 0.825086 0.554680 32.554600 0.161907 -0.565000 0.809049 0.154600 0.000000 0.000000 0.000000 1.000000
0.983539 0.001772 -0.180686 -0.144400 0.119857 0.741908 0.659702 32.554600 0.135221 -0.670499 0.729483 0.154600 0.000000 0.000000 0.000000 1.000000
0.990355 -0.001006 -0.138552 -0.144400 0.098815 0.706093 0.701191 32.554600 0.097125 -0.708119 0.699382 0.154600 0.000000 0.000000 0.000000 1.000000
0.996684 -0.004223 -0.081263 -0.144400 0.060837 0.701901 0.709672 32.554600 0.054042 -0.712262 0.699830 0.154600 0.000000 0.000000 0.000000 1.000000
0.999836 -0.007341 -0.016573 -0.144400 0.016696 0.728989 0.684322 32.554600 0.007058 -0.684486 0.728992 0.154600 0.000000 0.000000 0.000000 1.000000
0.998742 -0.010321 0.049072 -0.144400 -0.023785 0.763998 0.644780 32.554600 -0.044146 -0.645136 0.762791 0.154600 0.000000 0.000000 0.000000 1.000000
0.995471 -0.011442 0.094377 -0.144400 -0.046182 0.809526 0.585264 32.554600 -0.083098 -0.586972 0.805331 0.154600 0.000000 0.000000 0.000000 1.000000
0.993550 -0.010146 0.112941 -0.144400 -0.049892 0.855294 0.515736 32.554600 -0.101830 -0.518044 0.849271 0.154600 0.000000 0.000000 0.000000 1.000000
0.992540 -0.008075 0.121654 -0.144400 -0.048265 0.890266 0.452876 32.554600 -0.111961 -0.455369 0.883235 0.154600 0.000000 0.000000 0.000000 1.000000
0.991290 -0.007129 0.131502 -0.144400 -0.046810 0.914253 0.402429 32.554600 -0.123095 -0.405080 0.905957 0.154600 0.000000 0.000000 0.000000 1.000000
0.988880 -0.008105 0.148491 -0.144400 -0.048876 0.925330 0.375999 32.554600 -0.140451 -0.379076 0.914645 0.154600 0.000000 0.000000 0.000000 1.000000
0.989145 -0.005241 0.146846 -0.144400 -0.058142 0.903843 0.423896 32.554600 -0.134948 -0.427832 0.893727 0.154600 0.000000 0.000000 0.000000 1.000000
0.989221 -0.002939 0.146398 -0.144400 -0.060533 0.902160 0.427134 32.554600 -0.133329 -0.431392 0.892258 0.154600 0.000000 0.000000 0.000000 1.000000
0.988901 -0.001640 0.148566 -0.144400 -0.057190 0.918690 0.390816 32.554600 -0.137127 -0.394975 0.908400 0.154600 0.000000 0.000000 0.000000 1.000000
0.989962 0.000297 0.141333 -0.144400 -0.056966 0.916010 0.397090 32.554600 -0.129345 -0.401155 0.906832 0.154600 0.000000 0.000000 0.000000 1.000000
0.990244 0.001601 0.139338 -0.144400 -0.066642 0.883609 0.463458 32.554600 -0.122378 -0.468223 0.875095 0.154600 0.000000 0.000000 0.000000 1.000000
0.990818 -0.001109 0.135200 -0.144400 -0.078477 0.809566 0.581760 32.554600 -0.110099 -0.587028 0.802045 0.154600 0.000000 0.000000 0.000000 1.000000
0.989332 -0.007289 0.145494 -0.144400 -0.098943 0.699414 0.707835 32.554600 -0.106920 -0.714680 0.691232 0.154600 0.000000 0.000000 0.000000 1.000000
0.995490 -0.006918 0.094614 -0.144400 -0.078492 0.500062 0.862425 32.554600 -0.053279 -0.865962 0.497263 0.154600 0.000000 0.000000 0.000000 1.000000
0.995471 -0.006018 0.094871 -0.144400 -0.087663 0.327872 0.940646 32.554600 -0.036766 -0.944703 0.325859 0.154600 0.000000 0.000000 0.000000 1.000000
0.989782 -0.006997 0.142414 -0.144400 -0.136015 0.253390 0.957754 32.554600 -0.042788 -0.967339 0.249849 0.154600 0.000000 0.000000 0.000000 1.000000
0.990894 -0.007003 0.134464 -0.144400 -0.127766 0.266255 0.955397 32.554600 -0.042493 -0.963877 0.262935 0.154600 0.000000 0.000000 0.000000 1.000000
0.997026 -0.004835 0.076919 -0.144400 -0.070324 0.351291 0.933622 32.554600 -0.031535 -0.936254 0.349906 0.154600 0.000000 0.000000 0.000000 1.000000
0.999416 -0.003518 0.033983 -0.144400 -0.027808 0.494107 0.868956 32.554600 -0.019848 -0.869394 0.493721 0.154600 0.000000 0.000000 0.000000 1.000000</float_array><technique_common><accessor source="#LeftLeg-Matrix-animation-output-transform-array" count="32" stride="16"><param type="float4x4"/></accessor></technique_common></source><source id="LeftLeg-Interpolations"><Name_array id="LeftLeg-Interpolations-array" count="32">
 LINEAR LINEAR LINEAR LINEAR LINEAR LINEAR LINEAR LINEAR LINEAR LINEAR LINEAR
LINEAR LINEAR LINEAR LINEAR LINEAR LINEAR LINEAR LINEAR LINEAR LINEAR LINEAR LINEAR
LINEAR LINEAR LINEAR LINEAR LINEAR LINEAR LINEAR LINEAR LINEAR</Name_array><technique_common><accessor source="#LeftLeg-Interpolations-array" count="32"><param type="name"/></accessor></technique_common></source><sampler id="LeftLeg-Matrix-animation-transform"><input semantic="INPUT" source="#LeftLeg-Matrix-animation-input"/><input semantic="OUTPUT" source="#LeftLeg-Matrix-animation-output-transform"/><input semantic="INTERPOLATION" source="#LeftLeg-Interpolations"/></sampler><channel source="#LeftLeg-Matrix-animation-transform" target="LeftLeg/matrix"/></animation>
    <animation id="LeftFoot-anim" name="LeftFoot"><source id="LeftFoot-Matrix-animation-input"><float_array id="LeftFoot-Matrix-animation-input-array" count="32">

0.000000 0.033333 0.066667 0.100000 0.133333 0.166667 0.200000 0.233333 0.266667 0.300000 0.333333 0.366667 0.400000 0.433333 0.466667 0.500000
0.533333 0.566667 0.600000 0.633333 0.666667 0.700000 0.733333 0.766667 0.800000 0.833333 0.866667 0.900000 0.933333 0.966667 1.000000 1.033333</float_array><technique_common><accessor source="#LeftFoot-Matrix-animation-input-array" count="32"><param name="TIME" type="float"/></accessor></technique_common></source><source id="LeftFoot-Matrix-animation-output-transform"><float_array id="LeftFoot-Matrix-animation-output-transform-array" count="512">

0.998741 0.022396 -0.044879 -0.002100 -0.047816 0.695307 -0.717120 32.777199 0.015145 0.718363 0.695503 -0.086900 0.000000 0.000000 0.000000 1.000000
0.997503 0.035568 -0.061018 -0.002100 -0.069262 0.661737 -0.746530 32.777199 0.013825 0.748892 0.662548 -0.086900 0.000000 0.000000 0.000000 1.000000
0.995044 0.055534 -0.082481 -0.002100 -0.098780 0.647025 -0.756043 32.777199 0.011381 0.760444 0.649304 -0.086900 0.000000 0.000000 0.000000 1.000000
0.999065 0.017152 -0.039686 -0.002100 -0.041955 0.606295 -0.794132 32.777199 0.010441 0.795055 0.606448 -0.086900 0.000000 0.000000 0.000000 1.000000
0.993800 0.058308 -0.094662 -0.002100 -0.111177 0.525706 -0.843370 32.777199 0.000589 0.848666 0.528929 -0.086900 0.000000 0.000000 0.000000 1.000000
0.986891 0.085181 -0.137075 -0.002100 -0.160733 0.442465 -0.882264 32.777199 -0.014501 0.892731 0.450356 -0.086900 0.000000 0.000000 0.000000 1.000000
0.996751 -0.060956 0.052645 -0.002100 0.076892 0.525633 -0.847230 32.777199 0.023972 0.848525 0.528612 -0.086900 0.000000 0.000000 0.000000 1.000000
0.988127 -0.137551 0.068451 -0.002100 0.152995 0.840067 -0.520462 32.777199 0.014086 0.524755 0.851137 -0.086900 0.000000 0.000000 0.000000 1.000000
0.991380 -0.126301 0.034848 -0.002100 0.124841 0.829870 -0.543811 32.777199 0.039764 0.543474 0.838484 -0.086900 0.000000 0.000000 0.000000 1.000000
0.994980 -0.096255 0.027370 -0.002100 0.090834 0.753926 -0.650649 32.777199 0.041993 0.649869 0.758885 -0.086900 0.000000 0.000000 0.000000 1.000000
0.995825 -0.086423 0.029389 -0.002100 0.081648 0.699311 -0.710140 32.777199 0.040821 0.709574 0.703447 -0.086900 0.000000 0.000000 0.000000 1.000000
0.995967 -0.080143 0.040341 -0.002100 0.083020 0.652640 -0.753106 32.777199 0.034028 0.753418 0.656661 -0.086900 0.000000 0.000000 0.000000 1.000000
0.996255 -0.069088 0.051979 -0.002100 0.083621 0.617209 -0.782343 32.777199 0.021969 0.783760 0.620675 -0.086900 0.000000 0.000000 0.000000 1.000000
0.996716 -0.052449 0.061700 -0.002100 0.080783 0.590765 -0.802790 32.777199 0.005655 0.805137 0.593061 -0.086900 0.000000 0.000000 0.000000 1.000000
0.997446 -0.028566 0.065462 -0.002100 0.069975 0.574460 -0.815536 32.777199 -0.014308 0.818034 0.574992 -0.086900 0.000000 0.000000 0.000000 1.000000
0.997889 -0.001580 0.064924 -0.002100 0.054625 0.561117 -0.825932 32.777199 -0.035125 0.827735 0.560019 -0.086900 0.000000 0.000000 0.000000 1.000000
0.997808 0.023923 0.061706 -0.002100 0.038821 0.543556 -0.838475 32.777199 -0.053599 0.839032 0.541436 -0.086900 0.000000 0.000000 0.000000 1.000000
0.997490 0.047076 0.052883 -0.002100 0.020807 0.519023 -0.854507 32.777199 -0.067675 0.853463 0.516741 -0.086900 0.000000 0.000000 0.000000 1.000000
0.997103 0.065630 0.038439 -0.002100 0.002168 0.480663 -0.876903 32.777199 -0.076027 0.874446 0.479129 -0.086900 0.000000 0.000000 0.000000 1.000000
0.990023 0.129748 0.054946 -0.002100 -0.002016 0.402963 -0.915214 32.777199 -0.140888 0.905973 0.399204 -0.086900 0.000000 0.000000 0.000000 1.000000
0.980952 0.186713 0.053587 -0.002100 -0.014167 0.343901 -0.938899 32.777199 -0.193733 0.920256 0.339996 -0.086900 0.000000 0.000000 0.000000 1.000000
0.977813 0.203989 0.047645 -0.002100 -0.015996 0.299491 -0.953965 32.777199 -0.208868 0.932037 0.296110 -0.086900 0.000000 0.000000 0.000000 1.000000
0.974400 0.218472 0.053055 -0.002100 -0.015348 0.300075 -0.953792 32.777199 -0.224298 0.928561 0.295746 -0.086900 0.000000 0.000000 0.000000 1.000000
0.968253 0.245116 0.049041 -0.002100 -0.045877 0.367101 -0.929049 32.777199 -0.245728 0.897304 0.366692 -0.086900 0.000000 0.000000 0.000000 1.000000
0.976551 0.214804 0.014387 -0.002100 -0.099017 0.507484 -0.855953 32.777199 -0.191164 0.834457 0.516853 -0.086900 0.000000 0.000000 0.000000 1.000000
0.995096 0.096784 -0.020407 -0.002100 -0.088160 0.774304 -0.626643 32.777199 -0.044848 0.625369 0.779039 -0.086900 0.000000 0.000000 0.000000 1.000000
0.999277 0.021387 -0.031440 -0.002100 -0.033481 0.886843 -0.460857 32.777199 0.018026 0.461576 0.886918 -0.086900 0.000000 0.000000 0.000000 1.000000
0.999855 -0.015807 -0.006313 -0.002100 0.010999 0.883073 -0.469107 32.777199 0.012990 0.468970 0.883119 -0.086900 0.000000 0.000000 0.000000 1.000000
0.999990 -0.001969 -0.004050 -0.002100 -0.000562 0.837702 -0.546127 32.777199 0.004467 0.546124 0.837692 -0.086900 0.000000 0.000000 0.000000 1.000000
0.999617 0.008199 -0.026418 -0.002100 -0.022487 0.797019 -0.603535 32.777199 0.016107 0.603898 0.796899 -0.086900 0.000000 0.000000 0.000000 1.000000
0.999361 0.012672 -0.033421 -0.002100 -0.031706 0.745942 -0.665255 32.777199 0.016500 0.665890 0.745867 -0.086900 0.000000 0.000000 0.000000 1.000000
0.998741 0.022396 -0.044879 -0.002100 -0.047816 0.695307 -0.717120 32.777199 0.015145 0.718364 0.695503 -0.086900 0.000000 0.000000 0.000000 1.000000</float_array><technique_common><accessor source="#LeftFoot-Matrix-animation-output-transform-array" count="32" stride="16"><param type="float4x4"/></accessor></technique_common></source><source id="LeftFoot-Interpolations"><Name_array id="LeftFoot-Interpolations-array" count="32">
 LINEAR LINEAR LINEAR LINEAR LINEAR LINEAR LINEAR LINEAR LINEAR LINEAR LINEAR
LINEAR LINEAR LINEAR LINEAR LINEAR LINEAR LINEAR LINEAR LINEAR LINEAR LINEAR LINEAR
LINEAR LINEAR LINEAR LINEAR LINEAR LINEAR LINEAR LINEAR LINEAR</Name_array><technique_common><accessor source="#LeftFoot-Interpolations-array" count="32"><param type="name"/></accessor></technique_common></source><sampler id="LeftFoot-Matrix-animation-transform"><input semantic="INPUT" source="#LeftFoot-Matrix-animation-input"/><input semantic="OUTPUT" source="#LeftFoot-Matrix-animation-output-transform"/><input semantic="INTERPOLATION" source="#LeftFoot-Interpolations"/></sampler><channel source="#LeftFoot-Matrix-animation-transform" target="LeftFoot/matrix"/></animation>
    <animation id="RightUpLeg-anim" name="RightUpLeg"><source id="RightUpLeg-Matrix-animation-input"><float_array id="RightUpLeg-Matrix-animation-input-array" count="32">

0.000000 0.033333 0.066667 0.100000 0.133333 0.166667 0.200000 0.233333 0.266667 0.300000 0.333333 0.366667 0.400000 0.433333 0.466667 0.500000
0.533333 0.566667 0.600000 0.633333 0.666667 0.700000 0.733333 0.766667 0.800000 0.833333 0.866667 0.900000 0.933333 0.966667 1.000000 1.033333</float_array><technique_common><accessor source="#RightUpLeg-Matrix-animation-input-array" count="32"><param name="TIME" type="float"/></accessor></technique_common></source><source id="RightUpLeg-Matrix-animation-output-transform"><float_array id="RightUpLeg-Matrix-animation-output-transform-array" count="512">

-0.989249 0.064508 -0.131245 -8.479700 -0.100095 -0.952968 0.286065 -4.795500 -0.106619 0.296127 0.949179 -0.379100 0.000000 0.000000 0.000000 1.000000
-0.989219 0.074218 -0.126242 -8.479700 -0.098933 -0.974284 0.202442 -4.795500 -0.107970 0.212749 0.971123 -0.379100 0.000000 0.000000 0.000000 1.000000
-0.986811 0.092143 -0.133089 -8.479700 -0.109076 -0.986001 0.126113 -4.795500 -0.119606 0.138966 0.983048 -0.379100 0.000000 0.000000 0.000000 1.000000
-0.983543 0.107472 -0.145235 -8.479700 -0.115978 -0.991921 0.051407 -4.795500 -0.138536 0.067405 0.988061 -0.379100 0.000000 0.000000 0.000000 1.000000
-0.980292 0.117023 -0.159165 -8.479700 -0.114674 -0.993116 -0.023894 -4.795500 -0.160866 -0.005171 0.986963 -0.379100 0.000000 0.000000 0.000000 1.000000
-0.978439 0.120432 -0.167792 -8.479700 -0.099989 -0.987056 -0.125393 -4.795500 -0.180721 -0.105912 0.977815 -0.379100 0.000000 0.000000 0.000000 1.000000
-0.977396 0.111616 -0.179554 -8.479700 -0.078282 -0.979980 -0.183059 -4.795500 -0.196391 -0.164866 0.966566 -0.379100 0.000000 0.000000 0.000000 1.000000
-0.974952 0.091577 -0.202688 -8.479700 -0.042006 -0.970716 -0.236529 -4.795500 -0.218413 -0.222090 0.950248 -0.379100 0.000000 0.000000 0.000000 1.000000
-0.965282 0.090796 -0.244922 -8.479700 -0.011954 -0.952017 -0.305811 -4.795500 -0.260936 -0.292266 0.920050 -0.379100 0.000000 0.000000 0.000000 1.000000
-0.955094 0.032269 -0.294540 -8.479700 0.025037 -0.981708 -0.188741 -4.795500 -0.295243 -0.187640 0.936815 -0.379100 0.000000 0.000000 0.000000 1.000000
-0.958432 -0.078634 -0.274270 -8.479700 0.069340 -0.996647 0.043433 -4.795500 -0.276766 0.022610 0.960671 -0.379100 0.000000 0.000000 0.000000 1.000000
-0.964243 -0.125146 -0.233613 -8.479700 0.074739 -0.974114 0.213345 -4.795500 -0.254265 0.188256 0.948635 -0.379100 0.000000 0.000000 0.000000 1.000000
-0.966434 -0.135939 -0.218003 -8.479700 0.050390 -0.932361 0.358000 -4.795500 -0.251924 0.334999 0.907915 -0.379100 0.000000 0.000000 0.000000 1.000000
-0.966486 -0.137799 -0.216600 -8.479700 0.021433 -0.884095 0.466816 -4.795500 -0.255822 0.446529 0.857419 -0.379100 0.000000 0.000000 0.000000 1.000000
-0.966120 -0.146303 -0.212623 -8.479700 0.006649 -0.837652 0.546164 -4.795500 -0.258009 0.526246 0.810245 -0.379100 0.000000 0.000000 0.000000 1.000000
-0.968114 -0.155059 -0.196754 -8.479700 0.007627 -0.803291 0.595537 -4.795500 -0.250394 0.575047 0.778860 -0.379100 0.000000 0.000000 0.000000 1.000000
-0.972201 -0.161357 -0.169671 -8.479700 0.022469 -0.785585 0.618346 -4.795500 -0.233065 0.597345 0.767372 -0.379100 0.000000 0.000000 0.000000 1.000000
-0.973446 -0.184771 -0.135142 -8.479700 0.062346 -0.782024 0.620122 -4.795500 -0.220265 0.595230 0.772778 -0.379100 0.000000 0.000000 0.000000 1.000000
-0.967052 -0.234456 -0.099200 -8.479700 0.128244 -0.785258 0.605742 -4.795500 -0.219917 0.573062 0.789453 -0.379100 0.000000 0.000000 0.000000 1.000000
-0.951208 -0.302483 -0.060886 -8.479700 0.193881 -0.739455 0.644683 -4.795500 -0.240028 0.601423 0.762021 -0.379100 0.000000 0.000000 0.000000 1.000000
-0.935102 -0.351927 -0.041610 -8.479700 0.227187 -0.685448 0.691771 -4.795500 -0.271974 0.637423 0.720917 -0.379100 0.000000 0.000000 0.000000 1.000000
-0.929835 -0.363628 -0.056406 -8.479700 0.224781 -0.682648 0.695317 -4.795500 -0.291342 0.633851 0.716487 -0.379100 0.000000 0.000000 0.000000 1.000000
-0.945415 -0.320991 -0.056163 -8.479700 0.179492 -0.656804 0.732387 -4.795500 -0.271978 0.682330 0.678568 -0.379100 0.000000 0.000000 0.000000 1.000000
-0.964187 -0.257826 -0.062203 -8.479700 0.131842 -0.669428 0.731084 -4.795500 -0.230133 0.696701 0.679446 -0.379100 0.000000 0.000000 0.000000 1.000000
-0.978048 -0.202284 -0.050025 -8.479700 0.097966 -0.658251 0.746397 -4.795500 -0.183914 0.725111 0.663619 -0.379100 0.000000 0.000000 0.000000 1.000000
-0.985558 -0.155705 -0.066571 -8.479700 0.051041 -0.647983 0.759943 -4.795500 -0.161464 0.745570 0.646572 -0.379100 0.000000 0.000000 0.000000 1.000000
-0.988252 -0.105986 -0.110114 -8.479700 -0.008482 -0.681335 0.731923 -4.795500 -0.152598 0.724258 0.672432 -0.379100 0.000000 0.000000 0.000000 1.000000
-0.987947 -0.061925 -0.141864 -8.479700 -0.051256 -0.733914 0.677305 -4.795500 -0.146058 0.676413 0.721895 -0.379100 0.000000 0.000000 0.000000 1.000000
-0.988278 -0.018520 -0.151535 -8.479700 -0.076919 -0.797003 0.599057 -4.795500 -0.131868 0.603691 0.786237 -0.379100 0.000000 0.000000 0.000000 1.000000
-0.988439 0.022086 -0.150002 -8.479700 -0.095194 -0.860430 0.500598 -4.795500 -0.118011 0.509090 0.852585 -0.379100 0.000000 0.000000 0.000000 1.000000
-0.988529 0.050453 -0.142352 -8.479700 -0.102829 -0.915179 0.389709 -4.795500 -0.110615 0.399877 0.909870 -0.379100 0.000000 0.000000 0.000000 1.000000
-0.989249 0.064508 -0.131245 -8.479700 -0.100095 -0.952968 0.286063 -4.795500 -0.106619 0.296125 0.949180 -0.379100 0.000000 0.000000 0.000000 1.000000</float_array><technique_common><accessor source="#RightUpLeg-Matrix-animation-output-transform-array" count="32" stride="16"><param type="float4x4"/></accessor></technique_common></source><source id="RightUpLeg-Interpolations"><Name_array id="RightUpLeg-Interpolations-array" count="32">
 LINEAR LINEAR LINEAR LINEAR LINEAR LINEAR LINEAR LINEAR LINEAR LINEAR LINEAR
LINEAR LINEAR LINEAR LINEAR LINEAR LINEAR LINEAR LINEAR LINEAR LINEAR LINEAR LINEAR
LINEAR LINEAR LINEAR LINEAR LINEAR LINEAR LINEAR LINEAR LINEAR</Name_array><technique_common><accessor source="#RightUpLeg-Interpolations-array" count="32"><param type="name"/></accessor></technique_common></source><sampler id="RightUpLeg-Matrix-animation-transform"><input semantic="INPUT" source="#RightUpLeg-Matrix-animation-input"/><input semantic="OUTPUT" source="#RightUpLeg-Matrix-animation-output-transform"/><input semantic="INTERPOLATION" source="#RightUpLeg-Interpolations"/></sampler><channel source="#RightUpLeg-Matrix-animation-transform" target="RightUpLeg/matrix"/></animation>
