<?xml version="1.0" encoding="utf-8"?>
<COLLADA xmlns="http://www.collada.org/2005/11/COLLADASchema" version="1.4.1">
  <asset><contributor><author>Mixamo</author><authoring_tool>COLLADA Mixamo exporter</authoring_tool><comments></comments></contributor><created>2017-03-27T20:52:49Z</created><modified>2017-03-27T20:52:49Z</modified><revision></revision><title></title><unit meter="0.010000"/><up_axis>Y_UP</up_axis></asset>
  <library_animations>
    <animation id="Hips-anim" name="Hips"><source id="Hips-Matrix-animation-input"><float_array id="Hips-Matrix-animation-input-array" count="32">

0.000000 0.033333 0.066667 0.100000 0.133333 0.166667 0.200000 0.233333 0.266667 0.300000 0.333333 0.366667 0.400000 0.433333 0.466667 0.500000
0.533333 0.566667 0.600000 0.633333 0.666667 0.700000 0.733333 0.766667 0.800000 0.833333 0.866667 0.900000 0.933333 0.966667 1.000000 1.033333</float_array><technique_common><accessor source="#Hips-Matrix-animation-input-array" count="32"><param name="TIME" type="float"/></accessor></technique_common></source><source id="Hips-Matrix-animation-output-transform"><float_array id="Hips-Matrix-animation-output-transform-array" count="512">

0.999426 0.006332 0.033270 0.067359 -0.005206 0.999414 -0.033837 81.501389 -0.033465 0.033644 0.998873 0.476230 0.000000 0.000000 0.000000 1.000000
0.999722 0.000185 0.023588 0.168436 0.000859 0.999020 -0.044252 82.218277 -0.023573 0.044260 0.998742 4.430981 0.000000 0.000000 0.000000 1.000000
0.999917 0.000752 0.012838 0.315221 -0.000038 0.998458 -0.055516 82.311516 -0.012860 0.055511 0.998375 8.300794 0.000000 0.000000 0.000000 1.000000
0.999750 0.021230 -0.007050 0.516647 -0.021635 0.997759 -0.063315 81.632431 0.005690 0.063452 0.997969 12.250442 0.000000 0.000000 0.000000 1.000000
0.998441 0.044368 -0.033858 0.701244 -0.046532 0.996732 -0.066037 80.399506 0.030817 0.067509 0.997243 16.469995 0.000000 0.000000 0.000000 1.000000
0.997104 0.054018 -0.053530 0.919104 -0.057653 0.995959 -0.068862 79.028557 0.049594 0.071749 0.996189 20.860888 0.000000 0.000000 0.000000 1.000000
0.996572 0.052239 -0.064155 1.203337 -0.056657 0.996000 -0.069091 77.979301 0.060289 0.072489 0.995545 25.283995 0.000000 0.000000 0.000000 1.000000
0.997429 0.039537 -0.059775 1.576859 -0.042707 0.997696 -0.052720 77.254295 0.057552 0.055137 0.996819 30.260275 0.000000 0.000000 0.000000 1.000000
0.998243 0.032785 -0.049349 2.133000 -0.034769 0.998598 -0.039908 76.906715 0.047972 0.041554 0.997984 35.821396 0.000000 0.000000 0.000000 1.000000
0.998860 0.027292 -0.039172 2.739866 -0.028411 0.999196 -0.028302 76.501160 0.038368 0.029383 0.998832 41.180702 0.000000 0.000000 0.000000 1.000000
0.999443 0.016519 -0.029013 3.246367 -0.017045 0.999693 -0.017970 76.029503 0.028707 0.018455 0.999417 45.880363 0.000000 0.000000 0.000000 1.000000
0.999824 0.003736 -0.018389 3.667458 -0.003901 0.999952 -0.008966 75.771210 0.018355 0.009036 0.999791 50.133213 0.000000 0.000000 0.000000 1.000000
0.999977 -0.003794 -0.005577 4.005806 0.003787 0.999992 -0.001299 76.153870 0.005581 0.001278 0.999984 54.338482 0.000000 0.000000 0.000000 1.000000
0.999920 -0.009125 0.008799 4.130064 0.009081 0.999946 0.005043 77.144989 -0.008844 -0.004963 0.999949 58.468044 0.000000 0.000000 0.000000 1.000000
0.999622 -0.013842 0.023759 4.041278 0.013606 0.999857 0.010064 78.347275 -0.023895 -0.009737 0.999667 62.538670 0.000000 0.000000 0.000000 1.000000
0.999100 -0.016829 0.038933 3.801422 0.016303 0.999772 0.013776 79.478821 -0.039156 -0.013129 0.999147 66.752914 0.000000 0.000000 0.000000 1.000000
0.998374 -0.018865 0.053793 3.574663 0.018147 0.999740 0.013801 80.470688 -0.054040 -0.012802 0.998457 71.043709 0.000000 0.000000 0.000000 1.000000
0.997512 -0.020516 0.067442 3.375118 0.019924 0.999757 0.009443 81.015366 -0.067619 -0.008076 0.997679 75.250801 0.000000 0.000000 0.000000 1.000000
0.996556 -0.022707 0.079754 3.154858 0.022808 0.999740 -0.000356 81.012062 -0.079725 0.002174 0.996815 79.415138 0.000000 0.000000 0.000000 1.000000
0.994570 -0.037288 0.097164 2.855153 0.038726 0.999166 -0.012961 80.678383 -0.096600 0.016653 0.995184 83.695480 0.000000 0.000000 0.000000 1.000000
0.991987 -0.050135 0.115966 2.544204 0.053566 0.998208 -0.026663 79.895676 -0.114421 0.032661 0.992895 88.119064 0.000000 0.000000 0.000000 1.000000
0.990299 -0.056148 0.127100 2.226597 0.061978 0.997177 -0.042382 79.024170 -0.124362 0.049848 0.990984 92.462166 0.000000 0.000000 0.000000 1.000000
0.990425 -0.052591 0.127642 1.777387 0.058760 0.997255 -0.045050 78.021805 -0.124922 0.052119 0.990797 97.162643 0.000000 0.000000 0.000000 1.000000
0.992601 -0.033941 0.116578 1.240951 0.037766 0.998813 -0.030761 77.225235 -0.115396 0.034937 0.992705 102.315552 0.000000 0.000000 0.000000 1.000000
0.994199 -0.023337 0.104994 0.677013 0.026239 0.999308 -0.026346 76.699326 -0.104307 0.028948 0.994124 107.599449 0.000000 0.000000 0.000000 1.000000
0.995462 -0.011997 0.094397 0.141942 0.014442 0.999577 -0.025255 76.233635 -0.094055 0.026504 0.995214 112.312134 0.000000 0.000000 0.000000 1.000000
0.996378 0.000565 0.085028 -0.380431 0.001717 0.999640 -0.026768 76.127136 -0.085013 0.026817 0.996019 116.481186 0.000000 0.000000 0.000000 1.000000
0.997137 0.007527 0.075239 -0.763602 -0.005298 0.999542 -0.029788 76.515282 -0.075428 0.029304 0.996721 120.240829 0.000000 0.000000 0.000000 1.000000
0.997884 0.009167 0.064363 -0.841220 -0.007042 0.999425 -0.033171 77.525238 -0.064630 0.032648 0.997375 123.978447 0.000000 0.000000 0.000000 1.000000
0.998525 0.009306 0.053490 -0.612682 -0.007398 0.999333 -0.035767 78.839325 -0.053787 0.035318 0.997928 127.797173 0.000000 0.000000 0.000000 1.000000
0.999044 0.007993 0.042977 -0.257163 -0.006430 0.999317 -0.036391 80.250610 -0.043239 0.036080 0.998413 131.547302 0.000000 0.000000 0.000000 1.000000
0.999426 0.006332 0.033270 0.067361 -0.005206 0.999414 -0.033837 81.501404 -0.033465 0.033644 0.998873 135.176468 0.000000 0.000000 0.000000 1.000000</float_array><technique_common><accessor source="#Hips-Matrix-animation-output-transform-array" count="32" stride="16"><param type="float4x4"/></accessor></technique_common></source><source id="Hips-Interpolations"><Name_array id="Hips-Interpolations-array" count="32">
 LINEAR LINEAR LINEAR LINEAR LINEAR LINEAR LINEAR LINEAR LINEAR LINEAR LINEAR
LINEAR LINEAR LINEAR LINEAR LINEAR LINEAR LINEAR LINEAR LINEAR LINEAR LINEAR LINEAR
LINEAR LINEAR LINEAR LINEAR LINEAR LINEAR LINEAR LINEAR LINEAR</Name_array><technique_common><accessor source="#Hips-Interpolations-array" count="32"><param type="name"/></accessor></technique_common></source><sampler id="Hips-Matrix-animation-transform"><input semantic="INPUT" source="#Hips-Matrix-animation-input"/><input semantic="OUTPUT" source="#Hips-Matrix-animation-output-transform"/><input semantic="INTERPOLATION" source="#Hips-Interpolations"/></sampler><channel source="#Hips-Matrix-animation-transform" target="Hips/matrix"/></animation>
    <animation id="Pelvis-anim" name="Pelvis"><source id="Pelvis-Matrix-animation-input"><float_array id="Pelvis-Matrix-animation-input-array" count="32">

0.000000 0.033333 0.066667 0.100000 0.133333 0.166667 0.200000 0.233333 0.266667 0.300000 0.333333 0.366667 0.400000 0.433333 0.466667 0.500000
0.533333 0.566667 0.600000 0.633333 0.666667 0.700000 0.733333 0.766667 0.800000 0.833333 0.866667 0.900000 0.933333 0.966667 1.000000 1.033333</float_array><technique_common><accessor source="#Pelvis-Matrix-animation-input-array" count="32"><param name="TIME" type="float"/></accessor></technique_common></source><source id="Pelvis-Matrix-animation-output-transform"><float_array id="Pelvis-Matrix-animation-output-transform-array" count="512">

1.000000 -0.000000 -0.000000 0.000000 -0.000000 1.000000 -0.000000 0.000000 0.000000 -0.000000 1.000000 0.000000 0.000000 0.000000 0.000000 1.000000
1.000000 0.000000 0.000000 0.000000 -0.000000 1.000000 0.000000 0.000000 -0.000000 0.000000 1.000000 0.000000 0.000000 0.000000 0.000000 1.000000
1.000000 -0.000000 -0.000000 0.000000 0.000000 1.000000 0.000000 0.000000 0.000000 0.000000 1.000000 0.000000 0.000000 0.000000 0.000000 1.000000
1.000000 0.000000 0.000000 0.000000 0.000000 1.000000 0.000000 0.000000 0.000000 0.000000 1.000000 0.000000 0.000000 0.000000 0.000000 1.000000
1.000000 0.000000 0.000000 0.000000 -0.000000 1.000000 0.000000 0.000000 -0.000000 0.000000 1.000000 0.000000 0.000000 0.000000 0.000000 1.000000
1.000000 0.000000 -0.000000 0.000000 -0.000000 1.000000 0.000000 0.000000 0.000000 0.000000 1.000000 0.000000 0.000000 0.000000 0.000000 1.000000
1.000000 -0.000000 0.000000 0.000000 0.000000 1.000000 -0.000000 0.000000 -0.000000 0.000000 1.000000 0.000000 0.000000 0.000000 0.000000 1.000000
1.000000 -0.000000 0.000000 0.000000 0.000000 1.000000 0.000000 0.000000 0.000000 0.000000 1.000000 0.000000 0.000000 0.000000 0.000000 1.000000
1.000000 -0.000000 0.000000 0.000000 0.000000 1.000000 0.000000 0.000000 0.000000 0.000000 1.000000 0.000000 0.000000 0.000000 0.000000 1.000000
1.000000 0.000000 -0.000000 0.000000 -0.000000 1.000000 0.000000 0.000000 0.000000 0.000000 1.000000 0.000000 0.000000 0.000000 0.000000 1.000000
1.000000 -0.000000 0.000000 0.000000 0.000000 1.000000 0.000000 0.000000 0.000000 0.000000 1.000000 0.000000 0.000000 0.000000 0.000000 1.000000
1.000000 -0.000000 0.000000 0.000000 0.000000 1.000000 -0.000000 0.000000 0.000000 0.000000 1.000000 0.000000 0.000000 0.000000 0.000000 1.000000
1.000000 -0.000000 0.000000 0.000000 0.000000 1.000000 0.000000 0.000000 0.000000 0.000000 1.000000 0.000000 0.000000 0.000000 0.000000 1.000000
1.000000 0.000000 0.000000 0.000000 0.000000 1.000000 0.000000 0.000000 -0.000000 -0.000000 1.000000 0.000000 0.000000 0.000000 0.000000 1.000000
1.000000 -0.000000 -0.000000 0.000000 -0.000000 1.000000 0.000000 0.000000 0.000000 0.000000 1.000000 0.000000 0.000000 0.000000 0.000000 1.000000
1.000000 0.000000 -0.000000 0.000000 0.000000 1.000000 0.000000 0.000000 0.000000 -0.000000 1.000000 0.000000 0.000000 0.000000 0.000000 1.000000
1.000000 0.000000 0.000000 0.000000 0.000000 1.000000 0.000000 0.000000 0.000000 0.000000 1.000000 0.000000 0.000000 0.000000 0.000000 1.000000
1.000000 0.000000 -0.000000 0.000000 -0.000000 1.000000 0.000000 0.000000 0.000000 0.000000 1.000000 0.000000 0.000000 0.000000 0.000000 1.000000
1.000000 0.000000 0.000000 0.000000 -0.000000 1.000000 -0.000000 0.000000 0.000000 0.000000 1.000000 0.000000 0.000000 0.000000 0.000000 1.000000
1.000000 0.000000 0.000000 0.000000 0.000000 1.000000 0.000000 0.000000 0.000000 0.000000 1.000000 0.000000 0.000000 0.000000 0.000000 1.000000
1.000000 0.000000 0.000000 0.000000 0.000000 1.000000 -0.000000 0.000000 0.000000 0.000000 1.000000 0.000000 0.000000 0.000000 0.000000 1.000000
1.000000 0.000000 0.000000 0.000000 0.000000 1.000000 0.000000 0.000000 0.000000 0.000000 1.000000 0.000000 0.000000 0.000000 0.000000 1.000000
1.000000 -0.000000 -0.000000 0.000000 -0.000000 1.000000 0.000000 0.000000 0.000000 0.000000 1.000000 0.000000 0.000000 0.000000 0.000000 1.000000
1.000000 -0.000000 0.000000 0.000000 0.000000 1.000000 -0.000000 0.000000 0.000000 0.000000 1.000000 0.000000 0.000000 0.000000 0.000000 1.000000
1.000000 -0.000000 0.000000 0.000000 -0.000000 1.000000 0.000000 0.000000 0.000000 0.000000 1.000000 0.000000 0.000000 0.000000 0.000000 1.000000
1.000000 0.000000 0.000000 0.000000 -0.000000 1.000000 0.000000 0.000000 -0.000000 0.000000 1.000000 0.000000 0.000000 0.000000 0.000000 1.000000
1.000000 0.000000 0.000000 0.000000 0.000000 1.000000 0.000000 0.000000 0.000000 0.000000 1.000000 0.000000 0.000000 0.000000 0.000000 1.000000
1.000000 -0.000000 0.000000 0.000000 -0.000000 1.000000 0.000000 0.000000 0.000000 -0.000000 1.000000 0.000000 0.000000 0.000000 0.000000 1.000000
1.000000 -0.000000 0.000000 0.000000 0.000000 1.000000 0.000000 0.000000 -0.000000 0.000000 1.000000 0.000000 0.000000 0.000000 0.000000 1.000000
1.000000 -0.000000 -0.000000 0.000000 -0.000000 1.000000 -0.000000 0.000000 0.000000 -0.000000 1.000000 0.000000 0.000000 0.000000 0.000000 1.000000
1.000000 0.000000 -0.000000 0.000000 -0.000000 1.000000 0.000000 0.000000 0.000000 0.000000 1.000000 0.000000 0.000000 0.000000 0.000000 1.000000
1.000000 0.000000 0.000000 0.000000 0.000000 1.000000 0.000000 0.000000 -0.000000 0.000000 1.000000 0.000000 0.000000 0.000000 0.000000 1.000000</float_array><technique_common><accessor source="#Pelvis-Matrix-animation-output-transform-array" count="32" stride="16"><param type="float4x4"/></accessor></technique_common></source><source id="Pelvis-Interpolations"><Name_array id="Pelvis-Interpolations-array" count="32">
 LINEAR LINEAR LINEAR LINEAR LINEAR LINEAR LINEAR LINEAR LINEAR LINEAR LINEAR
LINEAR LINEAR LINEAR LINEAR LINEAR LINEAR LINEAR LINEAR LINEAR LINEAR LINEAR LINEAR
LINEAR LINEAR LINEAR LINEAR LINEAR LINEAR LINEAR LINEAR LINEAR</Name_array><technique_common><accessor source="#Pelvis-Interpolations-array" count="32"><param type="name"/></accessor></technique_common></source><sampler id="Pelvis-Matrix-animation-transform"><input semantic="INPUT" source="#Pelvis-Matrix-animation-input"/><input semantic="OUTPUT" source="#Pelvis-Matrix-animation-output-transform"/><input semantic="INTERPOLATION" source="#Pelvis-Interpolations"/></sampler><channel source="#Pelvis-Matrix-animation-transform" target="Pelvis/matrix"/></animation>
    <animation id="LeftUpLeg-anim" name="LeftUpLeg"><source id="LeftUpLeg-Matrix-animation-input"><float_array id="LeftUpLeg-Matrix-animation-input-array" count="32">

0.000000 0.033333 0.066667 0.100000 0.133333 0.166667 0.200000 0.233333 0.266667 0.300000 0.333333 0.366667 0.400000 0.433333 0.466667 0.500000
0.533333 0.566667 0.600000 0.633333 0.666667 0.700000 0.733333 0.766667 0.800000 0.833333 0.866667 0.900000 0.933333 0.966667 1.000000 1.033333</float_array><technique_common><accessor source="#LeftUpLeg-Matrix-animation-input-array" count="32"><param name="TIME" type="float"/></accessor></technique_common></source><source id="LeftUpLeg-Matrix-animation-output-transform"><float_array id="LeftUpLeg-Matrix-animation-output-transform-array" count="512">

-0.984736 0.093504 0.146803 8.479700 -0.003470 -0.853823 0.520552 -4.795500 0.174018 0.512097 0.841115 -0.379100 0.000000 0.000000 0.000000 1.000000
-0.985929 0.076188 0.148792 8.479700 0.015232 -0.845449 0.533839 -4.795500 0.166468 0.528594 0.832392 -0.379100 0.000000 0.000000 0.000000 1.000000
-0.988369 0.054254 0.142067 8.479700 0.025783 -0.860889 0.508139 -4.795500 0.149872 0.505892 0.849477 -0.379100 0.000000 0.000000 0.000000 1.000000
-0.991513 0.061731 0.114419 8.479700 0.010005 -0.841243 0.540565 -4.795500 0.129624 0.537122 0.833485 -0.379100 0.000000 0.000000 0.000000 1.000000
-0.994629 0.070536 0.075749 8.479700 -0.011160 -0.800655 0.599022 -4.795500 0.102901 0.594959 0.797142 -0.379100 0.000000 0.000000 0.000000 1.000000
-0.995920 0.073114 0.052886 8.479700 -0.020454 -0.753745 0.656848 -4.795500 0.087887 0.653087 0.752166 -0.379100 0.000000 0.000000 0.000000 1.000000
-0.994256 0.081236 0.069684 8.479700 -0.014175 -0.745288 0.666592 -4.795500 0.106086 0.661775 0.742158 -0.379100 0.000000 0.000000 0.000000 1.000000
-0.994185 0.063788 0.086758 8.479700 0.005787 -0.772859 0.634551 -4.795500 0.107529 0.631364 0.767996 -0.379100 0.000000 0.000000 0.000000 1.000000
-0.995613 0.031957 0.087945 8.479700 0.027184 -0.800552 0.598647 -4.795500 0.089535 0.598411 0.796171 -0.379100 0.000000 0.000000 0.000000 1.000000
-0.995721 0.024252 0.089168 8.479700 0.034735 -0.795951 0.604364 -4.795500 0.085630 0.604875 0.791703 -0.379100 0.000000 0.000000 0.000000 1.000000
-0.995245 0.026762 0.093651 8.479700 0.039918 -0.764975 0.642821 -4.795500 0.088844 0.643503 0.760270 -0.379100 0.000000 0.000000 0.000000 1.000000
-0.994815 0.018049 0.100087 8.479700 0.049960 -0.770469 0.635517 -4.795500 0.088584 0.637222 0.765572 -0.379100 0.000000 0.000000 0.000000 1.000000
-0.994321 0.002643 0.106390 8.479700 0.061442 -0.801999 0.594157 -4.795500 0.086895 0.597319 0.797282 -0.379100 0.000000 0.000000 0.000000 1.000000
-0.994046 -0.018424 0.107388 8.479700 0.072262 -0.849126 0.523223 -4.795500 0.081547 0.527868 0.845402 -0.379100 0.000000 0.000000 0.000000 1.000000
-0.993786 -0.041182 0.103410 8.479700 0.082303 -0.897347 0.433583 -4.795500 0.074939 0.439400 0.895160 -0.379100 0.000000 0.000000 0.000000 1.000000
-0.992606 -0.055831 0.107777 8.479700 0.088698 -0.939785 0.330056 -4.795500 0.082859 0.337175 0.937788 -0.379100 0.000000 0.000000 0.000000 1.000000
-0.990561 -0.068135 0.118939 8.479700 0.092588 -0.972427 0.214042 -4.795500 0.101075 0.223034 0.969556 -0.379100 0.000000 0.000000 0.000000 1.000000
-0.989180 -0.078053 0.124224 8.479700 0.091079 -0.990515 0.102882 -4.795500 0.115015 0.113083 0.986906 -0.379100 0.000000 0.000000 0.000000 1.000000
-0.987719 -0.076729 0.136101 8.479700 0.078834 -0.996836 0.010133 -4.795500 0.134893 0.020738 0.990643 -0.379100 0.000000 0.000000 0.000000 1.000000
-0.983429 -0.077824 0.163737 8.479700 0.065176 -0.994560 -0.081257 -4.795500 0.169170 -0.069239 0.983152 -0.379100 0.000000 0.000000 0.000000 1.000000
-0.979543 -0.075281 0.186621 8.479700 0.047623 -0.987767 -0.148490 -4.795500 0.195517 -0.136565 0.971145 -0.379100 0.000000 0.000000 0.000000 1.000000
-0.976972 -0.078322 0.198474 8.479700 0.029459 -0.970796 -0.238089 -4.795500 0.211326 -0.226760 0.950748 -0.379100 0.000000 0.000000 0.000000 1.000000
-0.972973 -0.076003 0.218055 8.479700 0.003441 -0.948952 -0.315401 -4.795500 0.230895 -0.306127 0.923566 -0.379100 0.000000 0.000000 0.000000 1.000000
-0.966365 -0.054858 0.251257 8.479700 -0.039064 -0.934338 -0.354241 -4.795500 0.254191 -0.352141 0.900768 -0.379100 0.000000 0.000000 0.000000 1.000000
-0.957279 -0.022068 0.288322 8.479700 -0.073268 -0.946036 -0.315670 -4.795500 0.279729 -0.323309 0.904004 -0.379100 0.000000 0.000000 0.000000 1.000000
-0.950660 0.033634 0.308406 8.479700 -0.094721 -0.978105 -0.185308 -4.795500 0.295421 -0.205377 0.933031 -0.379100 0.000000 0.000000 0.000000 1.000000
-0.959161 0.090567 0.267969 8.479700 -0.097646 -0.995134 -0.013180 -4.795500 0.265471 -0.038808 0.963337 -0.379100 0.000000 0.000000 0.000000 1.000000
-0.973069 0.108038 0.203626 8.479700 -0.076762 -0.984819 0.155689 -4.795500 0.217355 0.135865 0.966591 -0.379100 0.000000 0.000000 0.000000 1.000000
-0.979878 0.108184 0.167734 8.479700 -0.053761 -0.952364 0.300187 -4.795500 0.192219 0.285129 0.939017 -0.379100 0.000000 0.000000 0.000000 1.000000
-0.980933 0.111019 0.159518 8.479700 -0.036352 -0.911111 0.410556 -4.795500 0.190918 0.396929 0.897774 -0.379100 0.000000 0.000000 0.000000 1.000000
-0.981815 0.106015 0.157479 8.479700 -0.016735 -0.874643 0.484478 -4.795500 0.189100 0.473033 0.860512 -0.379100 0.000000 0.000000 0.000000 1.000000
-0.984736 0.093504 0.146804 8.479700 -0.003470 -0.853824 0.520551 -4.795500 0.174018 0.512096 0.841116 -0.379100 0.000000 0.000000 0.000000 1.000000</float_array><technique_common><accessor source="#LeftUpLeg-Matrix-animation-output-transform-array" count="32" stride="16"><param type="float4x4"/></accessor></technique_common></source><source id="LeftUpLeg-Interpolations"><Name_array id="LeftUpLeg-Interpolations-array" count="32">
 LINEAR LINEAR LINEAR LINEAR LINEAR LINEAR LINEAR LINEAR LINEAR LINEAR LINEAR
LINEAR LINEAR LINEAR LINEAR LINEAR LINEAR LINEAR LINEAR LINEAR LINEAR LINEAR LINEAR
LINEAR LINEAR LINEAR LINEAR LINEAR LINEAR LINEAR LINEAR LINEAR</Name_array><technique_common><accessor source="#LeftUpLeg-Interpolations-array" count="32"><param type="name"/></accessor></technique_common></source><sampler id="LeftUpLeg-Matrix-animation-transform"><input semantic="INPUT" source="#LeftUpLeg-Matrix-animation-input"/><input semantic="OUTPUT" source="#LeftUpLeg-Matrix-animation-output-transform"/><input semantic="INTERPOLATION" source="#LeftUpLeg-Interpolations"/></sampler><channel source="#LeftUpLeg-Matrix-animation-transform" target="LeftUpLeg/matrix"/></animation>
    <animation id="LeftLeg-anim" name="LeftLeg"><source id="LeftLeg-Matrix-animation-input"><float_array id="LeftLeg-Matrix-animation-input-array" count="32">

0.000000 0.033333 0.066667 0.100000 0.133333 0.166667 0.200000 0.233333 0.266667 0.300000 0.333333 0.366667 0.400000 0.433333 0.466667 0.500000
0.533333 0.566667 0.600000 0.633333 0.666667 0.700000 0.733333 0.766667 0.800000 0.833333 0.866667 0.900000 0.933333 0.966667 1.000000 1.033333</float_array><technique_common><accessor source="#LeftLeg-Matrix-animation-input-array" count="32"><param name="TIME" type="float"/></accessor></technique_common></source><source id="LeftLeg-Matrix-animation-output-transform"><float_array id="LeftLeg-Matrix-animation-output-transform-array" count="512">

0.998345 0.004647 0.057315 -0.144400 -0.052506 0.480049 0.875669 32.554600 -0.023445 -0.877229 0.479499 0.154600 0.000000 0.000000 0.000000 1.000000
0.999270 0.032632 0.019872 -0.144400 -0.036681 0.673843 0.737963 32.554600 0.010691 -0.738153 0.674548 0.154600 0.000000 0.000000 0.000000 1.000000
0.998434 0.044027 -0.034511 -0.144400 -0.022376 0.879724 0.474957 32.554600 0.051271 -0.473441 0.879332 0.154600 0.000000 0.000000 0.000000 1.000000
0.996869 0.022732 -0.075737 -0.144400 0.000431 0.956212 0.292676 32.554600 0.079073 -0.291792 0.953208 0.154600 0.000000 0.000000 0.000000 1.000000
0.994942 -0.035935 -0.093807 -0.144400 0.055372 0.975338 0.213656 32.554600 0.083816 -0.217769 0.972395 0.154600 0.000000 0.000000 0.000000 1.000000
0.993523 -0.068654 -0.090548 -0.144400 0.088041 0.968862 0.231420 32.554600 0.071840 -0.237893 0.968631 0.154600 0.000000 0.000000 0.000000 1.000000
0.996495 -0.054258 -0.063668 -0.144400 0.068418 0.966564 0.247130 32.554600 0.048131 -0.250620 0.966888 0.154600 0.000000 0.000000 0.000000 1.000000
0.999268 -0.038039 -0.004003 -0.144400 0.037799 0.966085 0.255442 32.554600 -0.005849 -0.255407 0.966816 0.154600 0.000000 0.000000 0.000000 1.000000
0.998752 -0.034539 0.036064 -0.144400 0.023869 0.964565 0.262763 32.554600 -0.043862 -0.261574 0.964186 0.154600 0.000000 0.000000 0.000000 1.000000
0.999079 -0.016312 0.039679 -0.144400 0.000323 0.927735 0.373239 32.554600 -0.042900 -0.372883 0.926886 0.154600 0.000000 0.000000 0.000000 1.000000
0.999083 0.012654 0.040897 -0.144400 -0.034452 0.804742 0.592624 32.554600 -0.025413 -0.593490 0.804440 0.154600 0.000000 0.000000 0.000000 1.000000
0.998515 0.027539 0.047006 -0.144400 -0.052441 0.719627 0.692378 32.554600 -0.014759 -0.693814 0.720003 0.154600 0.000000 0.000000 0.000000 1.000000
0.998146 0.024756 0.055603 -0.144400 -0.057487 0.683570 0.727617 32.554600 -0.019996 -0.729465 0.683726 0.154600 0.000000 0.000000 0.000000 1.000000
0.998171 0.008910 0.059788 -0.144400 -0.049115 0.696120 0.716244 32.554600 -0.035238 -0.717870 0.695284 0.154600 0.000000 0.000000 0.000000 1.000000
0.997969 -0.015716 0.061736 -0.144400 -0.030231 0.736193 0.676096 32.554600 -0.056075 -0.676589 0.734223 0.154600 0.000000 0.000000 0.000000 1.000000
0.996059 -0.044110 0.076952 -0.144400 -0.012835 0.786763 0.617122 32.554600 -0.087765 -0.615677 0.783096 0.154600 0.000000 0.000000 0.000000 1.000000
0.991856 -0.075574 0.102515 -0.144400 0.009323 0.845843 0.533350 32.554600 -0.127019 -0.528051 0.839660 0.154600 0.000000 0.000000 0.000000 1.000000
0.986867 -0.100419 0.126528 -0.144400 0.034144 0.895267 0.444220 32.554600 -0.157884 -0.434066 0.886938 0.154600 0.000000 0.000000 0.000000 1.000000
0.988524 -0.107588 0.106043 -0.144400 0.061227 0.927079 0.369833 32.554600 -0.138099 -0.359096 0.923027 0.154600 0.000000 0.000000 0.000000 1.000000
0.992190 -0.101912 0.071919 -0.144400 0.077064 0.954223 0.288999 32.554600 -0.098079 -0.281199 0.954624 0.154600 0.000000 0.000000 0.000000 1.000000
0.995080 -0.097083 0.019760 -0.144400 0.089082 0.964036 0.250399 32.554600 -0.043359 -0.247407 0.967941 0.154600 0.000000 0.000000 0.000000 1.000000
0.994571 -0.103497 -0.010802 -0.144400 0.103904 0.982075 0.157268 32.554600 -0.005668 -0.157537 0.987497 0.154600 0.000000 0.000000 0.000000 1.000000
0.991546 -0.128911 -0.014782 -0.144400 0.129756 0.985465 0.109643 32.554600 0.000433 -0.110634 0.993861 0.154600 0.000000 0.000000 0.000000 1.000000
0.985951 -0.166826 0.008376 -0.144400 0.163175 0.972667 0.165206 32.554600 -0.035708 -0.161518 0.986224 0.154600 0.000000 0.000000 0.000000 1.000000
0.979867 -0.185280 0.074382 -0.144400 0.150027 0.929116 0.337986 32.554600 -0.131731 -0.320022 0.938207 0.154600 0.000000 0.000000 0.000000 1.000000
0.974782 -0.176411 0.136670 -0.144400 0.071087 0.826003 0.559165 32.554600 -0.211533 -0.535349 0.817713 0.154600 0.000000 0.000000 0.000000 1.000000
0.976692 -0.167120 0.134700 -0.144400 0.000943 0.630875 0.775884 32.554600 -0.214645 -0.757672 0.616328 0.154600 0.000000 0.000000 0.000000 1.000000
0.987907 -0.141177 0.064094 -0.144400 0.001011 0.419249 0.907871 32.554600 -0.155042 -0.896828 0.414322 0.154600 0.000000 0.000000 0.000000 1.000000
0.994506 -0.101067 0.027251 -0.144400 0.002680 0.284839 0.958572 32.554600 -0.104642 -0.953233 0.283545 0.154600 0.000000 0.000000 0.000000 1.000000
0.996871 -0.062337 0.048610 -0.144400 -0.030589 0.262827 0.964358 32.554600 -0.072891 -0.962827 0.260098 0.154600 0.000000 0.000000 0.000000 1.000000
0.997239 -0.026653 0.069307 -0.144400 -0.056528 0.332729 0.941327 32.554600 -0.048150 -0.942646 0.330304 0.154600 0.000000 0.000000 0.000000 1.000000
0.998345 0.004647 0.057315 -0.144400 -0.052506 0.480050 0.875668 32.554600 -0.023445 -0.877229 0.479500 0.154600 0.000000 0.000000 0.000000 1.000000</float_array><technique_common><accessor source="#LeftLeg-Matrix-animation-output-transform-array" count="32" stride="16"><param type="float4x4"/></accessor></technique_common></source><source id="LeftLeg-Interpolations"><Name_array id="LeftLeg-Interpolations-array" count="32">
 LINEAR LINEAR LINEAR LINEAR LINEAR LINEAR LINEAR LINEAR LINEAR LINEAR LINEAR
LINEAR LINEAR LINEAR LINEAR LINEAR LINEAR LINEAR LINEAR LINEAR LINEAR LINEAR LINEAR
LINEAR LINEAR LINEAR LINEAR LINEAR LINEAR LINEAR LINEAR LINEAR</Name_array><technique_common><accessor source="#LeftLeg-Interpolations-array" count="32"><param type="name"/></accessor></technique_common></source><sampler id="LeftLeg-Matrix-animation-transform"><input semantic="INPUT" source="#LeftLeg-Matrix-animation-input"/><input semantic="OUTPUT" source="#LeftLeg-Matrix-animation-output-transform"/><input semantic="INTERPOLATION" source="#LeftLeg-Interpolations"/></sampler><channel source="#LeftLeg-Matrix-animation-transform" target="LeftLeg/matrix"/></animation>
    <animation id="LeftFoot-anim" name="LeftFoot"><source id="LeftFoot-Matrix-animation-input"><float_array id="LeftFoot-Matrix-animation-input-array" count="32">

0.000000 0.033333 0.066667 0.100000 0.133333 0.166667 0.200000 0.233333 0.266667 0.300000 0.333333 0.366667 0.400000 0.433333 0.466667 0.500000
0.533333 0.566667 0.600000 0.633333 0.666667 0.700000 0.733333 0.766667 0.800000 0.833333 0.866667 0.900000 0.933333 0.966667 1.000000 1.033333</float_array><technique_common><accessor source="#LeftFoot-Matrix-animation-input-array" count="32"><param name="TIME" type="float"/></accessor></technique_common></source><source id="LeftFoot-Matrix-animation-output-transform"><float_array id="LeftFoot-Matrix-animation-output-transform-array" count="512">

0.999834 -0.012614 -0.013120 -0.002100 0.000446 0.737654 -0.675179 32.777199 0.018195 0.675062 0.737537 -0.086900 0.000000 0.000000 0.000000 1.000000
0.999346 0.009553 -0.034879 -0.002100 -0.031048 0.721139 -0.692094 32.777199 0.018541 0.692724 0.720964 -0.086900 0.000000 0.000000 0.000000 1.000000
0.998619 0.023795 -0.046844 -0.002100 -0.049103 0.739883 -0.670941 32.777199 0.018694 0.672314 0.740030 -0.086900 0.000000 0.000000 0.000000 1.000000
0.996559 0.046628 -0.068527 -0.002100 -0.080874 0.728062 -0.680724 32.777199 0.018151 0.683923 0.729328 -0.086900 0.000000 0.000000 0.000000 1.000000
0.995181 0.053516 -0.082164 -0.002100 -0.097045 0.657539 -0.747144 32.777199 0.014042 0.751517 0.659564 -0.086900 0.000000 0.000000 0.000000 1.000000
0.996865 0.028753 -0.073710 -0.002100 -0.077417 0.546709 -0.833736 32.777199 0.016326 0.836829 0.547221 -0.086900 0.000000 0.000000 0.000000 1.000000
0.997218 0.030122 -0.068183 -0.002100 -0.073257 0.565025 -0.821815 32.777199 0.013770 0.824524 0.565659 -0.086900 0.000000 0.000000 0.000000 1.000000
0.999328 0.009406 -0.035422 -0.002100 -0.031662 0.708331 -0.705170 32.777199 0.018458 0.705818 0.708153 -0.086900 0.000000 0.000000 0.000000 1.000000
0.998733 -0.047867 0.015521 -0.002100 0.048589 0.837142 -0.544823 32.777199 0.013086 0.544887 0.838407 -0.086900 0.000000 0.000000 0.000000 1.000000
0.997180 -0.069488 0.028361 -0.002100 0.074671 0.880456 -0.468211 32.777199 0.007564 0.469009 0.883161 -0.086900 0.000000 0.000000 0.000000 1.000000
0.994577 -0.091312 0.049792 -0.002100 0.102311 0.772885 -0.626244 32.777199 0.018700 0.627942 0.778036 -0.086900 0.000000 0.000000 0.000000 1.000000
0.992655 -0.101389 0.066007 -0.002100 0.117720 0.683637 -0.720266 32.777199 0.027902 0.722746 0.690551 -0.086900 0.000000 0.000000 0.000000 1.000000
0.991829 -0.103295 0.074870 -0.002100 0.122737 0.612507 -0.780879 32.777199 0.034802 0.783687 0.620180 -0.086900 0.000000 0.000000 0.000000 1.000000
0.992515 -0.097555 0.073458 -0.002100 0.115939 0.563816 -0.817722 32.777199 0.038356 0.820119 0.570906 -0.086900 0.000000 0.000000 0.000000 1.000000
0.994233 -0.086451 0.063464 -0.002100 0.099935 0.532109 -0.840757 32.777199 0.038914 0.842250 0.537680 -0.086900 0.000000 0.000000 0.000000 1.000000
0.995837 -0.075158 0.051573 -0.002100 0.082765 0.508512 -0.857068 32.777199 0.038190 0.857768 0.512616 -0.086900 0.000000 0.000000 0.000000 1.000000
0.997274 -0.063220 0.038051 -0.002100 0.064491 0.496226 -0.865795 32.777199 0.035854 0.865889 0.498950 -0.086900 0.000000 0.000000 0.000000 1.000000
0.998389 -0.050459 0.025943 -0.002100 0.047241 0.486062 -0.872647 32.777199 0.031423 0.872467 0.487662 -0.086900 0.000000 0.000000 0.000000 1.000000
0.998819 0.002689 0.048522 -0.002100 0.041662 0.466624 -0.883474 32.777199 -0.025017 0.884452 0.465960 -0.086900 0.000000 0.000000 0.000000 1.000000
0.992191 0.084279 0.091950 -0.002100 0.043582 0.456480 -0.888666 32.777199 -0.116869 0.885733 0.449242 -0.086900 0.000000 0.000000 0.000000 1.000000
0.975213 0.173861 0.136867 -0.002100 0.049838 0.430067 -0.901420 32.777199 -0.215583 0.885898 0.410742 -0.086900 0.000000 0.000000 0.000000 1.000000
0.959059 0.239645 0.150917 -0.002100 0.035075 0.428276 -0.902967 32.777199 -0.281026 0.871292 0.402336 -0.086900 0.000000 0.000000 0.000000 1.000000
0.949958 0.274425 0.149233 -0.002100 0.015584 0.435504 -0.900052 32.777199 -0.311988 0.857337 0.409434 -0.086900 0.000000 0.000000 0.000000 1.000000
0.955869 0.263925 0.129067 -0.002100 -0.006250 0.457480 -0.889198 32.777199 -0.293727 0.849150 0.438940 -0.086900 0.000000 0.000000 0.000000 1.000000
0.980542 0.165159 0.106112 -0.002100 0.000562 0.538172 -0.842835 32.777199 -0.196309 0.826495 0.527607 -0.086900 0.000000 0.000000 0.000000 1.000000
0.993481 0.054389 0.100191 -0.002100 0.021860 0.771659 -0.635660 32.777199 -0.111886 0.633706 0.765440 -0.086900 0.000000 0.000000 0.000000 1.000000
0.998743 0.050123 -0.000755 -0.002100 -0.044968 0.889165 -0.455371 32.777199 -0.022153 0.454833 0.890301 -0.086900 0.000000 0.000000 0.000000 1.000000
0.997676 0.050464 -0.045773 -0.002100 -0.065536 0.894464 -0.442311 32.777199 0.018621 0.444283 0.895693 -0.086900 0.000000 0.000000 0.000000 1.000000
0.999366 0.019707 -0.029663 -0.002100 -0.032516 0.844659 -0.534317 32.777199 0.014526 0.534943 0.844764 -0.086900 0.000000 0.000000 0.000000 1.000000
0.999667 0.008472 -0.024393 -0.002100 -0.021147 0.810703 -0.585075 32.777199 0.014819 0.585396 0.810612 -0.086900 0.000000 0.000000 0.000000 1.000000
0.999856 -0.005890 -0.015936 -0.002100 -0.005507 0.774995 -0.631944 32.777199 0.016073 0.631940 0.774850 -0.086900 0.000000 0.000000 0.000000 1.000000
0.999834 -0.012614 -0.013120 -0.002100 0.000446 0.737654 -0.675179 32.777199 0.018195 0.675061 0.737537 -0.086900 0.000000 0.000000 0.000000 1.000000</float_array><technique_common><accessor source="#LeftFoot-Matrix-animation-output-transform-array" count="32" stride="16"><param type="float4x4"/></accessor></technique_common></source><source id="LeftFoot-Interpolations"><Name_array id="LeftFoot-Interpolations-array" count="32">
 LINEAR LINEAR LINEAR LINEAR LINEAR LINEAR LINEAR LINEAR LINEAR LINEAR LINEAR
LINEAR LINEAR LINEAR LINEAR LINEAR LINEAR LINEAR LINEAR LINEAR LINEAR LINEAR LINEAR
LINEAR LINEAR LINEAR LINEAR LINEAR LINEAR LINEAR LINEAR LINEAR</Name_array><technique_common><accessor source="#LeftFoot-Interpolations-array" count="32"><param type="name"/></accessor></technique_common></source><sampler id="LeftFoot-Matrix-animation-transform"><input semantic="INPUT" source="#LeftFoot-Matrix-animation-input"/><input semantic="OUTPUT" source="#LeftFoot-Matrix-animation-output-transform"/><input semantic="INTERPOLATION" source="#LeftFoot-Interpolations"/></sampler><channel source="#LeftFoot-Matrix-animation-transform" target="LeftFoot/matrix"/></animation>
    <animation id="RightUpLeg-anim" name="RightUpLeg"><source id="RightUpLeg-Matrix-animation-input"><float_array id="RightUpLeg-Matrix-animation-input-array" count="32">

0.000000 0.033333 0.066667 0.100000 0.133333 0.166667 0.200000 0.233333 0.266667 0.300000 0.333333 0.366667 0.400000 0.433333 0.466667 0.500000
0.533333 0.566667 0.600000 0.633333 0.666667 0.700000 0.733333 0.766667 0.800000 0.833333 0.866667 0.900000 0.933333 0.966667 1.000000 1.033333</float_array><technique_common><accessor source="#RightUpLeg-Matrix-animation-input-array" count="32"><param name="TIME" type="float"/></accessor></technique_common></source><source id="RightUpLeg-Matrix-animation-output-transform"><float_array id="RightUpLeg-Matrix-animation-output-transform-array" count="512">

-0.991242 0.035920 -0.127078 -8.479700 -0.066927 -0.966205 0.248934 -4.795500 -0.113842 0.255259 0.960147 -0.379100 0.000000 0.000000 0.000000 1.000000
-0.989597 0.039868 -0.138233 -8.479700 -0.059652 -0.988056 0.142079 -4.795500 -0.130917 0.148846 0.980156 -0.379100 0.000000 0.000000 0.000000 1.000000
-0.985425 0.041335 -0.165010 -8.479700 -0.051357 -0.997056 0.056935 -4.795500 -0.162171 0.064580 0.984647 -0.379100 0.000000 0.000000 0.000000 1.000000
-0.979661 0.045088 -0.195526 -8.479700 -0.049554 -0.998609 0.018008 -4.795500 -0.194442 0.027331 0.980533 -0.379100 0.000000 0.000000 0.000000 1.000000
-0.975447 0.048835 -0.214751 -8.479700 -0.044731 -0.998712 -0.023935 -4.795500 -0.215644 -0.013741 0.976375 -0.379100 0.000000 0.000000 0.000000 1.000000
-0.973585 0.044069 -0.224033 -8.479700 -0.027233 -0.996605 -0.077694 -4.795500 -0.226697 -0.069541 0.971480 -0.379100 0.000000 0.000000 0.000000 1.000000
-0.972435 0.034173 -0.230658 -8.479700 -0.001994 -0.990385 -0.138323 -4.795500 -0.233167 -0.134050 0.963153 -0.379100 0.000000 0.000000 0.000000 1.000000
-0.968992 0.022345 -0.246081 -8.479700 0.032980 -0.975296 -0.218427 -4.795500 -0.244883 -0.219770 0.944317 -0.379100 0.000000 0.000000 0.000000 1.000000
-0.962450 0.020372 -0.270693 -8.479700 0.063454 -0.952670 -0.297309 -4.795500 -0.263938 -0.303322 0.915605 -0.379100 0.000000 0.000000 0.000000 1.000000
-0.959940 -0.004937 -0.280161 -8.479700 0.084137 -0.958784 -0.271392 -4.795500 -0.267274 -0.284092 0.920791 -0.379100 0.000000 0.000000 0.000000 1.000000
-0.964384 -0.067607 -0.255720 -8.479700 0.108694 -0.982676 -0.150113 -4.795500 -0.241141 -0.172562 0.955025 -0.379100 0.000000 0.000000 0.000000 1.000000
-0.970447 -0.121847 -0.208291 -8.479700 0.121114 -0.992505 0.016319 -4.795500 -0.208718 -0.009391 0.977931 -0.379100 0.000000 0.000000 0.000000 1.000000
-0.976148 -0.143009 -0.163351 -8.479700 0.114160 -0.978089 0.174095 -4.795500 -0.184669 0.151294 0.971086 -0.379100 0.000000 0.000000 0.000000 1.000000
-0.978380 -0.152074 -0.140167 -8.479700 0.102519 -0.945218 0.309923 -4.795500 -0.179619 0.288853 0.940373 -0.379100 0.000000 0.000000 0.000000 1.000000
-0.977226 -0.163804 -0.134898 -8.479700 0.092205 -0.900338 0.425312 -4.795500 -0.191121 0.403188 0.894937 -0.379100 0.000000 0.000000 0.000000 1.000000
-0.977925 -0.163774 -0.129776 -8.479700 0.073760 -0.851634 0.518921 -4.795500 -0.195507 0.497894 0.844913 -0.379100 0.000000 0.000000 0.000000 1.000000
-0.978767 -0.164154 -0.122751 -8.479700 0.060117 -0.802420 0.593723 -4.795500 -0.195960 0.573738 0.795251 -0.379100 0.000000 0.000000 0.000000 1.000000
-0.979299 -0.165117 -0.117088 -8.479700 0.049076 -0.754863 0.654044 -4.795500 -0.196379 0.634758 0.747340 -0.379100 0.000000 0.000000 0.000000 1.000000
-0.983071 -0.150034 -0.105172 -8.479700 0.035459 -0.718942 0.694165 -4.795500 -0.179761 0.678684 0.712091 -0.379100 0.000000 0.000000 0.000000 1.000000
-0.988378 -0.128044 -0.081937 -8.479700 0.035731 -0.719582 0.693488 -4.795500 -0.147758 0.682500 0.715794 -0.379100 0.000000 0.000000 0.000000 1.000000
-0.989651 -0.118042 -0.081593 -8.479700 0.036342 -0.756243 0.653281 -4.795500 -0.138819 0.643555 0.752706 -0.379100 0.000000 0.000000 0.000000 1.000000
-0.988101 -0.114051 -0.103191 -8.479700 0.033714 -0.815213 0.578179 -4.795500 -0.150065 0.567820 0.809358 -0.379100 0.000000 0.000000 0.000000 1.000000
-0.989403 -0.101924 -0.103411 -8.479700 0.020917 -0.804835 0.593130 -4.795500 -0.143683 0.584681 0.798438 -0.379100 0.000000 0.000000 0.000000 1.000000
-0.992854 -0.073845 -0.093746 -8.479700 -0.000894 -0.780931 0.624616 -4.795500 -0.119334 0.620236 0.775284 -0.379100 0.000000 0.000000 0.000000 1.000000
-0.992776 -0.071588 -0.096284 -8.479700 -0.007627 -0.763216 0.646098 -4.795500 -0.119738 0.642165 0.757157 -0.379100 0.000000 0.000000 0.000000 1.000000
-0.992085 -0.069430 -0.104632 -8.479700 -0.015734 -0.757942 0.652132 -4.795500 -0.124582 0.648617 0.750850 -0.379100 0.000000 0.000000 0.000000 1.000000
-0.990635 -0.061005 -0.122149 -8.479700 -0.031826 -0.766814 0.641080 -4.795500 -0.132774 0.638964 0.757691 -0.379100 0.000000 0.000000 0.000000 1.000000
-0.990111 -0.047891 -0.131858 -8.479700 -0.043018 -0.790992 0.610312 -4.795500 -0.133527 0.609949 0.781110 -0.379100 0.000000 0.000000 0.000000 1.000000
-0.990944 -0.028270 -0.131266 -8.479700 -0.049537 -0.831663 0.553067 -4.795500 -0.124804 0.554561 0.822731 -0.379100 0.000000 0.000000 0.000000 1.000000
-0.992202 -0.001450 -0.124635 -8.479700 -0.058124 -0.879173 0.472944 -4.795500 -0.110262 0.476500 0.872233 -0.379100 0.000000 0.000000 0.000000 1.000000
-0.992315 0.022191 -0.121733 -8.479700 -0.066168 -0.926479 0.370485 -4.795500 -0.104561 0.375693 0.920827 -0.379100 0.000000 0.000000 0.000000 1.000000
-0.991242 0.035920 -0.127078 -8.479700 -0.066927 -0.966206 0.248932 -4.795500 -0.113842 0.255257 0.960148 -0.379100 0.000000 0.000000 0.000000 1.000000</float_array><technique_common><accessor source="#RightUpLeg-Matrix-animation-output-transform-array" count="32" stride="16"><param type="float4x4"/></accessor></technique_common></source><source id="RightUpLeg-Interpolations"><Name_array id="RightUpLeg-Interpolations-array" count="32">
 LINEAR LINEAR LINEAR LINEAR LINEAR LINEAR LINEAR LINEAR LINEAR LINEAR LINEAR
LINEAR LINEAR LINEAR LINEAR LINEAR LINEAR LINEAR LINEAR LINEAR LINEAR LINEAR LINEAR
LINEAR LINEAR LINEAR LINEAR LINEAR LINEAR LINEAR LINEAR LINEAR</Name_array><technique_common><accessor source="#RightUpLeg-Interpolations-array" count="32"><param type="name"/></accessor></technique_common></source><sampler id="RightUpLeg-Matrix-animation-transform"><input semantic="INPUT" source="#RightUpLeg-Matrix-animation-input"/><input semantic="OUTPUT" source="#RightUpLeg-Matrix-animation-output-transform"/><input semantic="INTERPOLATION" source="#RightUpLeg-Interpolations"/></sampler><channel source="#RightUpLeg-Matrix-animation-transform" target="RightUpLeg/matrix"/></animation>
    <animation id="RightLeg-anim" name="RightLeg"><source id="RightLeg-Matrix-animation-input"><float_array id="RightLeg-Matrix-animation-input-array" count="32">

