<?xml version="1.0" encoding="utf-8"?>
<COLLADA xmlns="http://www.collada.org/2005/11/COLLADASchema" version="1.4.1">
  <asset><contributor><author>Mixamo</author><authoring_tool>COLLADA Mixamo exporter</authoring_tool><comments></comments></contributor><created>2017-03-27T20:55:33Z</created><modified>2017-03-27T20:55:33Z</modified><revision></revision><title></title><unit meter="0.010000"/><up_axis>Y_UP</up_axis></asset>
  <library_animations>
    <animation id="newVegas_Hips-anim" name="newVegas_Hips"><source id="newVegas_Hips-Matrix-animation-input"><float_array id="newVegas_Hips-Matrix-animation-input-array" count="176">

0.000000 0.033333 0.066667 0.100000 0.133333 0.166667 0.200000 0.233333 0.266667 0.300000 0.333333 0.366667 0.400000 0.433333 0.466667 0.500000
0.533333 0.566667 0.600000 0.633333 0.666667 0.700000 0.733333 0.766667 0.800000 0.833333 0.866667 0.900000 0.933333 0.966667 1.000000 1.033333
1.066667 1.100000 1.133333 1.166667 1.200000 1.233333 1.266667 1.300000 1.333333 1.366667 1.400000 1.433333 1.466667 1.500000 1.533333 1.566667
1.600000 1.633333 1.666667 1.700000 1.733333 1.766667 1.800000 1.833333 1.866667 1.900000 1.933333 1.966667 2.000000 2.033333 2.066667 2.100000
2.133333 2.166667 2.200000 2.233333 2.266667 2.300000 2.333333 2.366667 2.400000 2.433333 2.466667 2.500000 2.533333 2.566667 2.600000 2.633333
2.666667 2.700000 2.733333 2.766667 2.800000 2.833333 2.866667 2.900000 2.933333 2.966667 3.000000 3.033333 3.066667 3.100000 3.133333 3.166667
3.200000 3.233333 3.266667 3.300000 3.333333 3.366667 3.400000 3.433333 3.466667 3.500000 3.533333 3.566667 3.600000 3.633333 3.666667 3.700000
3.733333 3.766667 3.800000 3.833333 3.866667 3.900000 3.933333 3.966667 4.000000 4.033333 4.066667 4.100000 4.133333 4.166667 4.200000 4.233333
4.266667 4.300000 4.333333 4.366667 4.400000 4.433333 4.466667 4.500000 4.533333 4.566667 4.600000 4.633333 4.666667 4.700000 4.733333 4.766667
4.800000 4.833333 4.866667 4.900000 4.933333 4.966667 5.000000 5.033333 5.066667 5.100000 5.133333 5.166667 5.200000 5.233333 5.266667 5.300000
5.333333 5.366667 5.400000 5.433333 5.466667 5.500000 5.533333 5.566667 5.600000 5.633333 5.666667 5.700000 5.733333 5.766667 5.800000 5.833333</float_array><technique_common><accessor source="#newVegas_Hips-Matrix-animation-input-array" count="176"><param name="TIME" type="float"/></accessor></technique_common></source><source id="newVegas_Hips-Matrix-animation-output-transform"><float_array id="newVegas_Hips-Matrix-animation-output-transform-array" count="2816">

0.672099 0.059594 -0.738059 -3.013867 0.071808 0.986812 0.145070 90.582077 0.736971 -0.150500 0.658957 2.695448 0.000000 0.000000 0.000000 1.000000
0.673100 0.058412 -0.737241 -3.017856 0.071440 0.987079 0.143431 90.568146 0.736093 -0.149212 0.660229 2.713575 0.000000 0.000000 0.000000 1.000000
0.676226 0.057193 -0.734471 -3.010444 0.070561 0.987370 0.141851 90.568130 0.733308 -0.147748 0.663649 2.742400 0.000000 0.000000 0.000000 1.000000
0.680865 0.055890 -0.730274 -2.990411 0.069168 0.987721 0.140082 90.585800 0.729136 -0.145888 0.668639 2.782331 0.000000 0.000000 0.000000 1.000000
0.686616 0.054273 -0.724991 -2.957359 0.067442 0.988155 0.137846 90.622314 0.723885 -0.143542 0.674823 2.833672 0.000000 0.000000 0.000000 1.000000
0.692848 0.051740 -0.719225 -2.910671 0.065702 0.988744 0.134421 90.674812 0.718085 -0.140388 0.681649 2.892781 0.000000 0.000000 0.000000 1.000000
0.698336 0.048367 -0.714134 -2.851311 0.063899 0.989518 0.129504 90.737167 0.712912 -0.136070 0.687926 2.957025 0.000000 0.000000 0.000000 1.000000
0.701557 0.044786 -0.711204 -2.774261 0.062731 0.990267 0.124239 90.806129 0.709847 -0.131776 0.691920 3.035492 0.000000 0.000000 0.000000 1.000000
0.704045 0.040870 -0.708978 -2.646105 0.060635 0.991237 0.117355 90.826035 0.707562 -0.125613 0.695398 3.046311 0.000000 0.000000 0.000000 1.000000
0.706571 0.035983 -0.706726 -2.467342 0.056318 0.992679 0.106848 90.680489 0.705397 -0.115297 0.699372 2.878830 0.000000 0.000000 0.000000 1.000000
0.708084 0.026245 -0.705641 -2.260641 0.055844 0.994098 0.093011 90.242676 0.703917 -0.105265 0.702439 2.542739 0.000000 0.000000 0.000000 1.000000
0.709143 0.013897 -0.704928 -2.054075 0.056258 0.995503 0.076220 89.437401 0.702817 -0.093709 0.705172 1.945555 0.000000 0.000000 0.000000 1.000000
0.714092 0.007765 -0.700009 -1.878542 0.048308 0.997008 0.060339 88.310410 0.698384 -0.076903 0.711580 1.059945 0.000000 0.000000 0.000000 1.000000
0.728669 0.005620 -0.684843 -1.692062 0.037910 0.998102 0.048527 86.731071 0.683816 -0.061322 0.727073 0.070352 0.000000 0.000000 0.000000 1.000000
0.747207 -0.001053 -0.664590 -1.525368 0.029922 0.999038 0.032059 84.685638 0.663917 -0.043841 0.746520 -1.004775 0.000000 0.000000 0.000000 1.000000
0.761527 -0.006702 -0.648098 -1.436857 0.022448 0.999619 0.016041 82.503113 0.647744 -0.026764 0.761388 -2.213956 0.000000 0.000000 0.000000 1.000000
0.786654 -0.003756 -0.617382 -1.362931 0.014026 0.999832 0.011788 80.507866 0.617235 -0.017933 0.786575 -3.465385 0.000000 0.000000 0.000000 1.000000
0.824850 -0.002647 -0.565345 -1.340297 0.012231 0.999839 0.013163 78.911049 0.565219 -0.017772 0.824749 -4.711796 0.000000 0.000000 0.000000 1.000000
0.844463 -0.012390 -0.535471 -1.636348 0.018183 0.999819 0.005540 78.286453 0.535305 -0.014415 0.844536 -6.113353 0.000000 0.000000 0.000000 1.000000
0.855122 -0.025536 -0.517797 -1.925923 0.023952 0.999666 -0.009743 78.650436 0.517872 -0.004071 0.855448 -7.456775 0.000000 0.000000 0.000000 1.000000
0.876384 -0.032155 -0.480538 -1.994713 0.026950 0.999480 -0.017729 80.020470 0.480858 0.002587 0.876795 -8.510683 0.000000 0.000000 0.000000 1.000000
0.903063 -0.036305 -0.427972 -1.982134 0.031295 0.999335 -0.018739 82.519424 0.428367 0.003529 0.903598 -9.584221 0.000000 0.000000 0.000000 1.000000
0.925597 -0.044042 -0.375940 -2.093759 0.039622 0.999025 -0.019485 86.006111 0.376432 0.003140 0.926439 -11.188229 0.000000 0.000000 0.000000 1.000000
0.940304 -0.050547 -0.336560 -2.349670 0.047510 0.998722 -0.017258 90.015755 0.337002 0.000238 0.941504 -13.111567 0.000000 0.000000 0.000000 1.000000
0.948082 -0.057933 -0.312703 -2.655382 0.055833 0.998317 -0.015674 93.167549 0.313085 -0.002599 0.949722 -14.986959 0.000000 0.000000 0.000000 1.000000
0.952335 -0.068334 -0.297303 -2.892475 0.065606 0.997662 -0.019156 95.054230 0.297917 -0.001262 0.954591 -16.461256 0.000000 0.000000 0.000000 1.000000
0.957888 -0.072779 -0.277766 -2.782662 0.068798 0.997340 -0.024066 96.347305 0.278778 0.003942 0.960347 -17.472178 0.000000 0.000000 0.000000 1.000000
0.965261 -0.070274 -0.251661 -2.577390 0.063040 0.997336 -0.036702 96.722679 0.253570 0.019562 0.967119 -18.486597 0.000000 0.000000 0.000000 1.000000
0.971971 -0.067411 -0.225231 -2.548525 0.054242 0.996464 -0.064163 95.578079 0.228760 0.050148 0.972190 -19.748655 0.000000 0.000000 0.000000 1.000000
0.974576 -0.087683 -0.206188 -2.516500 0.069879 0.993294 -0.092109 93.187225 0.212882 0.075359 0.974168 -20.900095 0.000000 0.000000 0.000000 1.000000
0.977121 -0.104353 -0.185322 -2.400957 0.080461 0.987969 -0.132076 89.691170 0.196875 0.114143 0.973761 -22.307335 0.000000 0.000000 0.000000 1.000000
0.983679 -0.090159 -0.155713 -2.080571 0.059677 0.979897 -0.190371 85.760307 0.169746 0.177972 0.969284 -24.356966 0.000000 0.000000 0.000000 1.000000
0.988643 -0.073787 -0.130918 -2.058870 0.041168 0.970813 -0.236277 81.172928 0.144531 0.228204 0.962826 -26.993259 0.000000 0.000000 0.000000 1.000000
0.991488 -0.062096 -0.114433 -2.666041 0.028060 0.960195 -0.277918 75.501236 0.127135 0.272342 0.953764 -30.402527 0.000000 0.000000 0.000000 1.000000
0.993425 -0.050438 -0.102772 -3.290758 0.011316 0.936580 -0.350271 69.350388 0.113921 0.346805 0.930993 -33.924404 0.000000 0.000000 0.000000 1.000000
0.996715 -0.034857 -0.073108 -3.710952 0.003101 0.918411 -0.395617 64.366455 0.080933 0.394090 0.915501 -36.916103 0.000000 0.000000 0.000000 1.000000
0.998346 -0.015845 -0.055269 -4.078571 -0.007014 0.920536 -0.390594 60.953529 0.057066 0.390336 0.918902 -39.374424 0.000000 0.000000 0.000000 1.000000
0.998885 0.001092 -0.047205 -4.423621 -0.018381 0.929861 -0.367451 58.959602 0.043493 0.367909 0.928844 -41.012089 0.000000 0.000000 0.000000 1.000000
0.999725 0.007716 -0.022140 -4.535686 -0.013648 0.959341 -0.281919 58.723988 0.019065 0.282144 0.959183 -42.079594 0.000000 0.000000 0.000000 1.000000
0.999956 0.009335 0.000777 -4.649309 -0.009081 0.986446 -0.163832 59.292259 -0.002296 0.163818 0.986488 -43.128311 0.000000 0.000000 0.000000 1.000000
0.999634 0.025898 0.007772 -5.143522 -0.025678 0.999299 -0.027230 59.578003 -0.008472 0.027021 0.999599 -44.074810 0.000000 0.000000 0.000000 1.000000
0.998985 0.042273 0.015562 -5.833227 -0.044016 0.989493 0.137714 59.950195 -0.009577 -0.138260 0.990350 -45.128613 0.000000 0.000000 0.000000 1.000000
0.998695 0.043384 0.026963 -6.440065 -0.049143 0.960042 0.275506 61.113903 -0.013933 -0.276471 0.960921 -46.260853 0.000000 0.000000 0.000000 1.000000
0.998496 0.040627 0.036825 -6.653286 -0.051347 0.928416 0.367976 63.838715 -0.019239 -0.369313 0.929106 -46.581055 0.000000 0.000000 0.000000 1.000000
0.997906 0.048731 0.042539 -6.106967 -0.062691 0.890635 0.450377 68.718842 -0.015940 -0.452100 0.891825 -45.637520 0.000000 0.000000 0.000000 1.000000
0.997321 0.061020 0.040343 -5.397720 -0.073059 0.803235 0.591164 77.388779 0.003668 -0.592528 0.805541 -44.613327 0.000000 0.000000 0.000000 1.000000
0.998916 0.042459 0.019094 -4.998585 -0.042890 0.679840 0.732105 88.521568 0.018104 -0.732130 0.680924 -44.806259 0.000000 0.000000 0.000000 1.000000
0.999596 0.022302 0.017640 -4.567004 -0.026875 0.538310 0.842318 98.304291 0.009289 -0.842452 0.538692 -46.826855 0.000000 0.000000 0.000000 1.000000
0.999506 0.008163 0.030361 -3.735605 -0.031336 0.336552 0.941143 103.992233 -0.002536 -0.941629 0.336642 -50.160728 0.000000 0.000000 0.000000 1.000000
0.999893 0.008352 0.012027 -3.057098 -0.013042 0.134575 0.990818 107.465607 0.006657 -0.990868 0.134669 -54.173649 0.000000 0.000000 0.000000 1.000000
0.999964 -0.002379 -0.008190 -3.006850 0.007974 -0.079880 0.996773 110.685249 -0.003026 -0.996802 -0.079858 -56.483585 0.000000 0.000000 0.000000 1.000000
0.999591 -0.006347 -0.027888 -2.630214 0.024712 -0.299219 0.953864 115.114426 -0.014398 -0.954163 -0.298940 -59.799309 0.000000 0.000000 0.000000 1.000000
0.998468 -0.004740 -0.055122 -2.865738 0.045067 -0.508237 0.860037 119.057220 -0.032091 -0.861204 -0.507245 -66.004349 0.000000 0.000000 0.000000 1.000000
0.996612 -0.017930 -0.080273 -5.078588 0.045519 -0.692641 0.719845 120.705078 -0.068507 -0.721060 -0.689478 -74.649193 0.000000 0.000000 0.000000 1.000000
0.994636 -0.030025 -0.098981 -6.601047 0.028726 -0.839117 0.543192 119.956413 -0.099366 -0.543121 -0.833754 -82.474693 0.000000 0.000000 0.000000 1.000000
0.992142 -0.028789 -0.121761 -6.930229 0.014825 -0.939264 0.342874 118.251152 -0.124237 -0.341985 -0.931457 -88.885551 0.000000 0.000000 0.000000 1.000000
0.989440 -0.022975 -0.143108 -6.802954 -0.003747 -0.991082 0.133203 116.203751 -0.144892 -0.131260 -0.980702 -94.252258 0.000000 0.000000 0.000000 1.000000
0.987883 -0.014085 -0.154561 -6.794376 -0.028039 -0.995684 -0.088476 113.331184 -0.152648 0.091738 -0.984014 -99.080360 0.000000 0.000000 0.000000 1.000000
0.986185 0.003744 -0.165608 -7.280176 -0.045785 -0.954638 -0.294228 109.793350 -0.159197 0.297745 -0.941278 -103.372330 0.000000 0.000000 0.000000 1.000000
0.990118 -0.016473 -0.139264 -8.777372 -0.084391 -0.863123 -0.497893 105.158455 -0.112000 0.504725 -0.855984 -109.818596 0.000000 0.000000 0.000000 1.000000
0.991106 -0.026383 -0.130434 -10.511936 -0.111463 -0.700032 -0.705359 98.980965 -0.072699 0.713624 -0.696747 -116.124275 0.000000 0.000000 0.000000 1.000000
0.983939 0.048257 -0.171859 -12.451866 -0.125797 -0.495613 -0.859385 92.337288 -0.126647 0.867202 -0.481582 -123.851082 0.000000 0.000000 0.000000 1.000000
0.981094 0.116211 -0.154757 -13.357016 -0.129628 -0.199176 -0.971352 82.632294 -0.143706 0.973049 -0.180347 -133.585632 0.000000 0.000000 0.000000 1.000000
0.995410 0.061338 -0.073464 -12.771001 -0.085885 0.233830 -0.968477 72.708687 -0.042227 0.970341 0.238024 -140.387161 0.000000 0.000000 0.000000 1.000000
0.999045 0.039624 0.018398 -12.246058 0.002064 0.377857 -0.925862 66.797821 -0.043639 0.925016 0.377414 -146.755478 0.000000 0.000000 0.000000 1.000000
0.996737 0.063380 0.049989 -11.885458 0.018921 0.418577 -0.907984 64.577614 -0.078472 0.905967 0.416012 -151.124298 0.000000 0.000000 0.000000 1.000000
0.999420 0.027646 0.019893 -11.448298 0.005212 0.453063 -0.891463 64.426781 -0.033658 0.891050 0.452656 -152.891907 0.000000 0.000000 0.000000 1.000000
0.999962 0.007668 0.004070 -10.832589 0.000314 0.436617 -0.899648 65.614685 -0.008676 0.899615 0.436598 -153.721924 0.000000 0.000000 0.000000 1.000000
0.999766 0.008055 -0.020101 -10.112565 -0.021583 0.445869 -0.894838 67.803642 0.001755 0.895062 0.445938 -153.604401 0.000000 0.000000 0.000000 1.000000
0.999300 0.004986 -0.037080 -9.260042 -0.034933 0.479206 -0.877007 70.276649 0.013397 0.877688 0.479045 -152.333298 0.000000 0.000000 0.000000 1.000000
0.999278 0.000934 -0.037986 -8.317992 -0.032479 0.539841 -0.841140 72.833725 0.019721 0.841766 0.539481 -150.490906 0.000000 0.000000 0.000000 1.000000
0.999244 -0.017518 -0.034705 -7.291983 -0.015149 0.646691 -0.762601 75.198830 0.035803 0.762551 0.645937 -148.114243 0.000000 0.000000 0.000000 1.000000
0.998466 -0.018562 -0.052173 -6.463845 -0.022846 0.720161 -0.693431 76.761200 0.050444 0.693559 0.718632 -145.898834 0.000000 0.000000 0.000000 1.000000
0.996381 0.010658 -0.084334 -6.015090 -0.065680 0.726338 -0.684193 77.305801 0.053963 0.687256 0.724409 -144.053085 0.000000 0.000000 0.000000 1.000000
0.994339 0.006439 -0.106056 -4.802248 -0.073997 0.758266 -0.647732 77.868309 0.076248 0.651914 0.754450 -141.323608 0.000000 0.000000 0.000000 1.000000
0.989407 -0.007001 -0.144997 -3.368058 -0.079979 0.807277 -0.584728 78.125519 0.121146 0.590131 0.798166 -138.143372 0.000000 0.000000 0.000000 1.000000
0.988406 -0.017661 -0.150801 -2.590974 -0.067970 0.836663 -0.543485 77.353142 0.135769 0.547433 0.825762 -134.581558 0.000000 0.000000 0.000000 1.000000
0.990134 -0.018984 -0.138830 -3.218201 -0.055773 0.855518 -0.514760 76.772766 0.128543 0.517425 0.846019 -129.955399 0.000000 0.000000 0.000000 1.000000
0.987866 -0.018530 -0.154196 -4.075416 -0.060162 0.869677 -0.489941 76.527306 0.143180 0.493273 0.858010 -124.608040 0.000000 0.000000 0.000000 1.000000
0.983141 -0.021392 -0.181595 -5.279687 -0.067112 0.881607 -0.467189 76.437218 0.170089 0.471500 0.865308 -118.723457 0.000000 0.000000 0.000000 1.000000
0.984779 -0.025145 -0.171985 -6.275713 -0.053969 0.896339 -0.440073 76.756134 0.165223 0.442656 0.881338 -112.823509 0.000000 0.000000 0.000000 1.000000
0.989905 -0.021971 -0.140022 -7.115980 -0.037762 0.911321 -0.409960 76.762650 0.136612 0.411109 0.901292 -107.142639 0.000000 0.000000 0.000000 1.000000
0.995343 -0.015311 -0.095176 -7.956679 -0.022039 0.925014 -0.379293 76.432022 0.093846 0.379624 0.920369 -101.598579 0.000000 0.000000 0.000000 1.000000
0.999499 -0.016366 -0.027076 -8.912763 0.005944 0.937712 -0.347364 76.239937 0.031074 0.347029 0.937339 -95.911903 0.000000 0.000000 0.000000 1.000000
0.996905 -0.025192 0.074470 -9.804792 0.047210 0.949283 -0.310858 76.351112 -0.062862 0.313412 0.947534 -89.942963 0.000000 0.000000 0.000000 1.000000
0.977931 -0.044446 0.204146 -10.296305 0.099280 0.958601 -0.266884 76.539726 -0.183833 0.281262 0.941859 -83.663734 0.000000 0.000000 0.000000 1.000000
0.929965 -0.068874 0.361138 -10.119371 0.152667 0.965944 -0.208915 76.858948 -0.334451 0.249418 0.908809 -76.985947 0.000000 0.000000 0.000000 1.000000
0.849209 -0.090193 0.520298 -9.354935 0.188831 0.972021 -0.139704 76.932678 -0.493140 0.216886 0.842480 -70.025269 0.000000 0.000000 0.000000 1.000000
0.765992 -0.100927 0.634878 -8.053874 0.203756 0.974795 -0.090872 76.483597 -0.609704 0.198968 0.767250 -62.713680 0.000000 0.000000 0.000000 1.000000
0.705112 -0.092011 0.703101 -6.082316 0.214291 0.972834 -0.087595 75.106316 -0.675941 0.212433 0.705674 -54.506947 0.000000 0.000000 0.000000 1.000000
0.691774 -0.070882 0.718627 -3.860289 0.228025 0.965695 -0.124253 73.312515 -0.685167 0.249820 0.684205 -45.397270 0.000000 0.000000 0.000000 1.000000
0.730533 -0.053447 0.680783 -2.455328 0.233345 0.956461 -0.175308 72.008881 -0.641773 0.286926 0.711197 -36.452839 0.000000 0.000000 0.000000 1.000000
0.776225 -0.041545 0.629085 -2.031547 0.228431 0.948559 -0.219216 70.935074 -0.587617 0.313863 0.745786 -27.885582 0.000000 0.000000 0.000000 1.000000
0.794864 -0.039892 0.605475 -2.022426 0.227399 0.944700 -0.236286 69.373810 -0.562566 0.325499 0.759980 -20.159416 0.000000 0.000000 0.000000 1.000000
0.777871 -0.056257 0.625901 -2.099113 0.249141 0.941976 -0.224966 69.331276 -0.576927 0.330932 0.746752 -13.237911 0.000000 0.000000 0.000000 1.000000
0.774804 -0.065677 0.628781 -2.047726 0.258857 0.940352 -0.220751 70.194740 -0.576777 0.333803 0.745590 -6.212748 0.000000 0.000000 0.000000 1.000000
0.804764 -0.054605 0.591078 -2.120275 0.231040 0.946053 -0.227167 71.554977 -0.546786 0.319378 0.773965 0.747236 0.000000 0.000000 0.000000 1.000000
0.842906 -0.053833 0.535360 -2.536436 0.198335 0.956006 -0.216140 72.822311 -0.500172 0.288367 0.816500 6.743855 0.000000 0.000000 0.000000 1.000000
0.878459 -0.055891 0.474538 -2.796345 0.164801 0.967635 -0.191110 73.788574 -0.448498 0.246087 0.859239 12.557043 0.000000 0.000000 0.000000 1.000000
0.914630 -0.037137 0.402583 -3.013058 0.114075 0.979017 -0.168854 74.735588 -0.387865 0.200364 0.899675 18.512108 0.000000 0.000000 0.000000 1.000000
0.952733 -0.014922 0.303441 -3.293911 0.057553 0.989572 -0.132041 75.806023 -0.298307 0.143263 0.943657 24.933105 0.000000 0.000000 0.000000 1.000000
0.985537 -0.015293 0.168767 -3.727129 0.027064 0.997341 -0.067670 76.999619 -0.167284 0.071259 0.983330 32.102146 0.000000 0.000000 0.000000 1.000000
0.998455 -0.032095 0.045355 -4.446427 0.032037 0.999485 0.002000 77.191833 -0.045396 -0.000544 0.998969 40.347157 0.000000 0.000000 0.000000 1.000000
0.998649 -0.051777 -0.004307 -5.485797 0.051927 0.997416 0.049640 76.247734 0.001726 -0.049797 0.998758 49.860119 0.000000 0.000000 0.000000 1.000000
0.998151 -0.059152 0.014019 -6.562995 0.058107 0.996134 0.065881 74.494583 -0.017862 -0.064945 0.997729 59.842018 0.000000 0.000000 0.000000 1.000000
0.995913 -0.073577 0.052371 -7.468480 0.070526 0.995827 0.057916 72.480026 -0.056414 -0.053985 0.996947 69.402031 0.000000 0.000000 0.000000 1.000000
0.991192 -0.105164 0.080491 -8.881392 0.101700 0.993751 0.045997 69.542320 -0.084825 -0.037406 0.995693 79.145027 0.000000 0.000000 0.000000 1.000000
0.990836 -0.114560 0.071556 -10.482542 0.111754 0.992845 0.042077 67.600082 -0.075864 -0.033695 0.996549 86.431953 0.000000 0.000000 0.000000 1.000000
0.993811 -0.099186 0.050013 -11.480293 0.097288 0.994490 0.039057 67.208038 -0.053612 -0.033950 0.997985 91.255424 0.000000 0.000000 0.000000 1.000000
0.995179 -0.082657 0.052784 -12.026597 0.081943 0.996516 0.015562 67.576996 -0.053886 -0.011161 0.998485 95.316765 0.000000 0.000000 0.000000 1.000000
0.995476 -0.069156 0.065155 -12.247636 0.070771 0.997232 -0.022810 68.518181 -0.063397 0.027318 0.997614 98.490601 0.000000 0.000000 0.000000 1.000000
0.993398 -0.065538 0.094158 -11.951711 0.072172 0.995012 -0.068860 69.976074 -0.089175 0.075201 0.993173 100.585251 0.000000 0.000000 0.000000 1.000000
0.985655 -0.095992 0.138819 -11.462532 0.111038 0.988249 -0.105041 71.849274 -0.127105 0.118948 0.984731 102.056168 0.000000 0.000000 0.000000 1.000000
0.974851 -0.131499 0.179926 -11.207939 0.154601 0.980538 -0.121014 74.088501 -0.160511 0.145787 0.976208 103.260483 0.000000 0.000000 0.000000 1.000000
0.959099 -0.151945 0.238835 -11.041659 0.184491 0.975445 -0.120294 76.676056 -0.214693 0.159436 0.963580 104.501068 0.000000 0.000000 0.000000 1.000000
0.923669 -0.168977 0.343923 -10.733631 0.208575 0.974620 -0.081312 79.432350 -0.321454 0.146839 0.935471 105.891708 0.000000 0.000000 0.000000 1.000000
0.844242 -0.188626 0.501672 -10.080962 0.213202 0.976971 0.008546 82.214043 -0.491731 0.099743 0.865015 107.527847 0.000000 0.000000 0.000000 1.000000
0.680502 -0.223482 0.697835 -8.975710 0.183545 0.973982 0.132932 84.609192 -0.709386 0.037623 0.703815 109.004997 0.000000 0.000000 0.000000 1.000000
0.428932 -0.279980 0.858853 -7.825245 0.118583 0.959980 0.253724 85.799416 -0.895520 -0.006985 0.444967 110.072380 0.000000 0.000000 0.000000 1.000000
0.145447 -0.325805 0.934182 -6.880859 0.039305 0.945380 0.323591 85.867622 -0.988585 -0.010347 0.150308 111.138733 0.000000 0.000000 0.000000 1.000000
-0.115878 -0.347854 0.930360 -6.026551 -0.025760 0.937407 0.347280 84.753006 -0.992929 0.016276 -0.117586 112.210999 0.000000 0.000000 0.000000 1.000000
-0.339782 -0.326782 0.881908 -5.543614 -0.054060 0.942933 0.328566 83.107597 -0.938949 0.063965 -0.338057 112.893341 0.000000 0.000000 0.000000 1.000000
-0.520714 -0.258745 0.813577 -5.693048 -0.052659 0.960886 0.271891 81.940353 -0.852105 0.098735 -0.513972 113.674606 0.000000 0.000000 0.000000 1.000000
-0.637182 -0.191122 0.746640 -6.248918 -0.042968 0.976067 0.213181 80.573715 -0.769515 0.103753 -0.630145 114.409981 0.000000 0.000000 0.000000 1.000000
-0.719642 -0.128888 0.682279 -7.206776 -0.030109 0.987489 0.154787 78.964584 -0.693693 0.090848 -0.714519 114.874641 0.000000 0.000000 0.000000 1.000000
-0.806148 -0.079786 0.586311 -8.235598 -0.028872 0.994991 0.095702 77.029854 -0.591010 0.060222 -0.804413 115.048149 0.000000 0.000000 0.000000 1.000000
-0.872812 -0.051763 0.485303 -9.074188 -0.023367 0.997651 0.064386 75.251099 -0.487496 0.044857 -0.871972 115.113281 0.000000 0.000000 0.000000 1.000000
-0.891724 -0.032544 0.451408 -9.643572 -0.011819 0.998746 0.048656 74.141243 -0.452425 0.038053 -0.890990 115.051216 0.000000 0.000000 0.000000 1.000000
-0.874968 -0.020734 0.483737 -10.019798 -0.000716 0.999137 0.041531 73.608078 -0.484181 0.035992 -0.874227 114.759338 0.000000 0.000000 0.000000 1.000000
-0.841112 -0.006922 0.540816 -10.386985 0.015498 0.999199 0.036892 73.477516 -0.540639 0.039412 -0.840331 114.162064 0.000000 0.000000 0.000000 1.000000
-0.783911 0.013164 0.620733 -10.728836 0.038968 0.998847 0.028029 73.851700 -0.619649 0.046161 -0.783521 113.280022 0.000000 0.000000 0.000000 1.000000
-0.687317 0.027771 0.725827 -10.993071 0.067336 0.997402 0.025601 74.946236 -0.723230 0.066470 -0.687401 112.235023 0.000000 0.000000 0.000000 1.000000
-0.556099 0.035560 0.830355 -11.131342 0.090830 0.995700 0.018189 76.217545 -0.826138 0.085536 -0.556938 111.031242 0.000000 0.000000 0.000000 1.000000
-0.397081 0.043312 0.916761 -11.209852 0.102170 0.994763 -0.002744 77.401932 -0.912079 0.092576 -0.399427 109.466820 0.000000 0.000000 0.000000 1.000000
-0.221081 0.044315 0.974248 -11.409010 0.109603 0.993767 -0.020331 78.848251 -0.969077 0.102286 -0.224560 107.391479 0.000000 0.000000 0.000000 1.000000
-0.036588 0.032224 0.998811 -11.252926 0.117037 0.992740 -0.027740 80.439178 -0.992453 0.115883 -0.040094 104.560631 0.000000 0.000000 0.000000 1.000000
0.170282 0.026775 0.985032 -10.568213 0.109028 0.992981 -0.045839 82.126595 -0.979345 0.115202 0.166168 101.193481 0.000000 0.000000 0.000000 1.000000
0.389900 0.043918 0.919809 -9.785174 0.072288 0.994320 -0.078119 83.905991 -0.918015 0.096950 0.384511 97.864632 0.000000 0.000000 0.000000 1.000000
0.603602 0.068957 0.794298 -8.886911 0.026010 0.994019 -0.106061 86.058098 -0.796862 0.084678 0.598198 94.015266 0.000000 0.000000 0.000000 1.000000
0.782971 0.084682 0.616267 -7.738487 -0.017378 0.993282 -0.114408 88.165382 -0.621815 0.078869 0.779183 89.811417 0.000000 0.000000 0.000000 1.000000
0.896444 0.086192 0.434694 -6.390045 -0.045266 0.993582 -0.103661 89.419258 -0.440839 0.073249 0.894592 86.393250 0.000000 0.000000 0.000000 1.000000
0.965795 0.070995 0.249398 -5.162879 -0.053664 0.995691 -0.075623 89.912567 -0.253692 0.059652 0.965444 83.860085 0.000000 0.000000 0.000000 1.000000
0.997695 0.052599 0.042874 -4.307711 -0.050921 0.997928 -0.039340 89.918457 -0.044854 0.037066 0.998306 81.896187 0.000000 0.000000 0.000000 1.000000
0.986314 0.040942 -0.159716 -3.769085 -0.041489 0.999139 -0.000087 89.632332 0.159575 0.006712 0.987163 80.163803 0.000000 0.000000 0.000000 1.000000
0.942854 0.031243 -0.331739 -3.536955 -0.021506 0.999224 0.032984 89.070625 0.332512 -0.023964 0.942795 78.267120 0.000000 0.000000 0.000000 1.000000
0.883185 0.026409 -0.468281 -3.511440 -0.003862 0.998789 0.049045 88.440292 0.469009 -0.041507 0.882217 75.904945 0.000000 0.000000 0.000000 1.000000
0.816228 0.032838 -0.576796 -3.603370 0.000311 0.998358 0.057278 88.106056 0.577730 -0.046931 0.814878 73.263924 0.000000 0.000000 0.000000 1.000000
0.750614 0.043746 -0.659291 -3.829288 -0.004398 0.998115 0.061221 87.884956 0.660726 -0.043054 0.749391 70.523560 0.000000 0.000000 0.000000 1.000000
0.699663 0.048548 -0.712822 -4.054874 -0.011460 0.998323 0.056744 87.586105 0.714381 -0.031533 0.699046 67.581375 0.000000 0.000000 0.000000 1.000000
0.658586 0.050955 -0.750779 -4.096254 -0.011630 0.998275 0.057551 87.022644 0.752416 -0.029171 0.658042 64.284592 0.000000 0.000000 0.000000 1.000000
0.613061 0.057583 -0.787934 -4.055186 -0.004936 0.997600 0.069065 86.414001 0.790020 -0.038452 0.611874 61.054695 0.000000 0.000000 0.000000 1.000000
0.572841 0.064596 -0.817117 -3.956174 -0.003512 0.997074 0.076360 86.272018 0.819659 -0.040873 0.571392 58.645653 0.000000 0.000000 0.000000 1.000000
0.553531 0.071902 -0.829719 -3.849265 0.002364 0.996127 0.087899 86.356461 0.832825 -0.050616 0.551217 56.695969 0.000000 0.000000 0.000000 1.000000
0.548376 0.078229 -0.832565 -3.855470 0.015896 0.994460 0.103911 86.652237 0.836081 -0.070217 0.544094 55.132725 0.000000 0.000000 0.000000 1.000000
0.553342 0.078905 -0.829208 -3.840069 0.027993 0.993179 0.113188 87.129181 0.832484 -0.085843 0.547359 53.991329 0.000000 0.000000 0.000000 1.000000
0.566276 0.077877 -0.820528 -3.698171 0.037579 0.992051 0.120090 87.705292 0.823358 -0.098839 0.558849 53.192802 0.000000 0.000000 0.000000 1.000000
0.576738 0.074830 -0.813495 -3.534837 0.050360 0.990645 0.126828 88.276421 0.815376 -0.114114 0.567574 52.566135 0.000000 0.000000 0.000000 1.000000
0.580788 0.070428 -0.811002 -3.415455 0.063339 0.989321 0.131272 88.743980 0.811587 -0.127609 0.570125 52.046413 0.000000 0.000000 0.000000 1.000000
0.583617 0.068305 -0.809151 -3.308341 0.072304 0.988127 0.135564 89.076614 0.808804 -0.137622 0.571748 51.632637 0.000000 0.000000 0.000000 1.000000
0.590537 0.068232 -0.804121 -3.188964 0.076926 0.987123 0.140254 89.311295 0.803336 -0.144683 0.577684 51.326122 0.000000 0.000000 0.000000 1.000000
0.600835 0.068977 -0.796391 -3.065663 0.078330 0.986395 0.144529 89.467575 0.795526 -0.149219 0.587258 51.085930 0.000000 0.000000 0.000000 1.000000
0.611320 0.070887 -0.788202 -2.959006 0.077821 0.985768 0.149012 89.594368 0.787548 -0.152432 0.597104 50.861374 0.000000 0.000000 0.000000 1.000000
0.620983 0.073336 -0.780386 -2.889374 0.076589 0.985172 0.153525 89.726837 0.780073 -0.155106 0.606158 50.662003 0.000000 0.000000 0.000000 1.000000
0.630676 0.075060 -0.772408 -2.848058 0.075499 0.984656 0.157330 89.856956 0.772365 -0.157540 0.615332 50.522110 0.000000 0.000000 0.000000 1.000000
0.640174 0.075702 -0.764491 -2.812180 0.074880 0.984246 0.160167 89.970871 0.764572 -0.159780 0.624420 50.435215 0.000000 0.000000 0.000000 1.000000
0.648333 0.075771 -0.757577 -2.787416 0.074126 0.984026 0.161857 90.065773 0.757740 -0.161093 0.632360 50.367699 0.000000 0.000000 0.000000 1.000000
0.655106 0.075207 -0.751784 -2.778398 0.072851 0.984109 0.161931 90.154327 0.752016 -0.160850 0.639217 50.314617 0.000000 0.000000 0.000000 1.000000
0.660598 0.073386 -0.747144 -2.765476 0.072113 0.984406 0.160450 90.231476 0.747268 -0.159872 0.645005 50.274357 0.000000 0.000000 0.000000 1.000000
0.664111 0.070983 -0.744257 -2.749139 0.072054 0.984772 0.158217 90.302223 0.744154 -0.158701 0.648883 50.241539 0.000000 0.000000 0.000000 1.000000
0.666291 0.068823 -0.742509 -2.741282 0.071867 0.985170 0.155805 90.367615 0.742221 -0.157173 0.651464 50.223476 0.000000 0.000000 0.000000 1.000000
0.668275 0.066400 -0.740945 -2.749551 0.071722 0.985618 0.153015 90.407814 0.740449 -0.155398 0.653901 50.227524 0.000000 0.000000 0.000000 1.000000
0.669496 0.063756 -0.740074 -2.784017 0.072002 0.986048 0.150081 90.427925 0.739317 -0.153766 0.655565 50.245281 0.000000 0.000000 0.000000 1.000000
0.670055 0.062258 -0.739696 -2.835672 0.071994 0.986329 0.148232 90.460663 0.738812 -0.152578 0.656412 50.279423 0.000000 0.000000 0.000000 1.000000
0.671200 0.061572 -0.738714 -2.886038 0.071402 0.986540 0.147105 90.512283 0.737829 -0.151483 0.657770 50.341736 0.000000 0.000000 0.000000 1.000000
0.672308 0.060557 -0.737791 -2.940851 0.071289 0.986720 0.145950 90.555382 0.736831 -0.150720 0.659062 50.419750 0.000000 0.000000 0.000000 1.000000
0.672099 0.059593 -0.738059 -3.013867 0.071808 0.986812 0.145069 90.582092 0.736971 -0.150500 0.658957 50.499367 0.000000 0.000000 0.000000 1.000000</float_array><technique_common><accessor source="#newVegas_Hips-Matrix-animation-output-transform-array" count="176" stride="16"><param type="float4x4"/></accessor></technique_common></source><source id="newVegas_Hips-Interpolations"><Name_array id="newVegas_Hips-Interpolations-array" count="176">
 LINEAR LINEAR LINEAR LINEAR LINEAR LINEAR LINEAR LINEAR LINEAR LINEAR LINEAR
LINEAR LINEAR LINEAR LINEAR LINEAR LINEAR LINEAR LINEAR LINEAR LINEAR LINEAR LINEAR
LINEAR LINEAR LINEAR LINEAR LINEAR LINEAR LINEAR LINEAR LINEAR LINEAR LINEAR LINEAR
LINEAR LINEAR LINEAR LINEAR LINEAR LINEAR LINEAR LINEAR LINEAR LINEAR LINEAR LINEAR
LINEAR LINEAR LINEAR LINEAR LINEAR LINEAR LINEAR LINEAR LINEAR LINEAR LINEAR LINEAR
LINEAR LINEAR LINEAR LINEAR LINEAR LINEAR LINEAR LINEAR LINEAR LINEAR LINEAR LINEAR
LINEAR LINEAR LINEAR LINEAR LINEAR LINEAR LINEAR LINEAR LINEAR LINEAR LINEAR LINEAR
LINEAR LINEAR LINEAR LINEAR LINEAR LINEAR LINEAR LINEAR LINEAR LINEAR LINEAR LINEAR
LINEAR LINEAR LINEAR LINEAR LINEAR LINEAR LINEAR LINEAR LINEAR LINEAR LINEAR LINEAR
LINEAR LINEAR LINEAR LINEAR LINEAR LINEAR LINEAR LINEAR LINEAR LINEAR LINEAR LINEAR
LINEAR LINEAR LINEAR LINEAR LINEAR LINEAR LINEAR LINEAR LINEAR LINEAR LINEAR LINEAR
LINEAR LINEAR LINEAR LINEAR LINEAR LINEAR LINEAR LINEAR LINEAR LINEAR LINEAR LINEAR
LINEAR LINEAR LINEAR LINEAR LINEAR LINEAR LINEAR LINEAR LINEAR LINEAR LINEAR LINEAR
LINEAR LINEAR LINEAR LINEAR LINEAR LINEAR LINEAR LINEAR LINEAR LINEAR LINEAR LINEAR
LINEAR LINEAR LINEAR LINEAR LINEAR LINEAR LINEAR LINEAR LINEAR</Name_array><technique_common><accessor source="#newVegas_Hips-Interpolations-array" count="176"><param type="name"/></accessor></technique_common></source><sampler id="newVegas_Hips-Matrix-animation-transform"><input semantic="INPUT" source="#newVegas_Hips-Matrix-animation-input"/><input semantic="OUTPUT" source="#newVegas_Hips-Matrix-animation-output-transform"/><input semantic="INTERPOLATION" source="#newVegas_Hips-Interpolations"/></sampler><channel source="#newVegas_Hips-Matrix-animation-transform" target="newVegas_Hips/matrix"/></animation>
    <animation id="newVegas_Pelvis-anim" name="newVegas_Pelvis"><source id="newVegas_Pelvis-Matrix-animation-input"><float_array id="newVegas_Pelvis-Matrix-animation-input-array" count="176">

0.000000 0.033333 0.066667 0.100000 0.133333 0.166667 0.200000 0.233333 0.266667 0.300000 0.333333 0.366667 0.400000 0.433333 0.466667 0.500000
0.533333 0.566667 0.600000 0.633333 0.666667 0.700000 0.733333 0.766667 0.800000 0.833333 0.866667 0.900000 0.933333 0.966667 1.000000 1.033333
1.066667 1.100000 1.133333 1.166667 1.200000 1.233333 1.266667 1.300000 1.333333 1.366667 1.400000 1.433333 1.466667 1.500000 1.533333 1.566667
1.600000 1.633333 1.666667 1.700000 1.733333 1.766667 1.800000 1.833333 1.866667 1.900000 1.933333 1.966667 2.000000 2.033333 2.066667 2.100000
2.133333 2.166667 2.200000 2.233333 2.266667 2.300000 2.333333 2.366667 2.400000 2.433333 2.466667 2.500000 2.533333 2.566667 2.600000 2.633333
2.666667 2.700000 2.733333 2.766667 2.800000 2.833333 2.866667 2.900000 2.933333 2.966667 3.000000 3.033333 3.066667 3.100000 3.133333 3.166667
3.200000 3.233333 3.266667 3.300000 3.333333 3.366667 3.400000 3.433333 3.466667 3.500000 3.533333 3.566667 3.600000 3.633333 3.666667 3.700000
3.733333 3.766667 3.800000 3.833333 3.866667 3.900000 3.933333 3.966667 4.000000 4.033333 4.066667 4.100000 4.133333 4.166667 4.200000 4.233333
4.266667 4.300000 4.333333 4.366667 4.400000 4.433333 4.466667 4.500000 4.533333 4.566667 4.600000 4.633333 4.666667 4.700000 4.733333 4.766667
4.800000 4.833333 4.866667 4.900000 4.933333 4.966667 5.000000 5.033333 5.066667 5.100000 5.133333 5.166667 5.200000 5.233333 5.266667 5.300000
5.333333 5.366667 5.400000 5.433333 5.466667 5.500000 5.533333 5.566667 5.600000 5.633333 5.666667 5.700000 5.733333 5.766667 5.800000 5.833333</float_array><technique_common><accessor source="#newVegas_Pelvis-Matrix-animation-input-array" count="176"><param name="TIME" type="float"/></accessor></technique_common></source><source id="newVegas_Pelvis-Matrix-animation-output-transform"><float_array id="newVegas_Pelvis-Matrix-animation-output-transform-array" count="2816">

1.000000 -0.000000 0.000000 0.000000 0.000000 1.000000 0.000000 0.000000 -0.000000 0.000000 1.000000 0.000000 0.000000 0.000000 0.000000 1.000000
1.000000 -0.000000 0.000000 0.000000 0.000000 1.000000 0.000000 0.000000 0.000000 0.000000 1.000000 0.000000 0.000000 0.000000 0.000000 1.000000
1.000000 0.000000 0.000000 0.000000 0.000000 1.000000 -0.000000 0.000000 0.000000 0.000000 1.000000 0.000000 0.000000 0.000000 0.000000 1.000000
1.000000 0.000000 0.000000 0.000000 -0.000000 1.000000 0.000000 0.000000 0.000000 -0.000000 1.000000 0.000000 0.000000 0.000000 0.000000 1.000000
1.000000 0.000000 0.000000 0.000000 0.000000 1.000000 0.000000 0.000000 0.000000 -0.000000 1.000000 0.000000 0.000000 0.000000 0.000000 1.000000
1.000000 -0.000000 0.000000 0.000000 0.000000 1.000000 0.000000 0.000000 0.000000 0.000000 1.000000 0.000000 0.000000 0.000000 0.000000 1.000000
1.000000 0.000000 0.000000 0.000000 0.000000 1.000000 -0.000000 0.000000 0.000000 -0.000000 1.000000 0.000000 0.000000 0.000000 0.000000 1.000000
1.000000 0.000000 -0.000000 0.000000 0.000000 1.000000 0.000000 0.000000 0.000000 0.000000 1.000000 0.000000 0.000000 0.000000 0.000000 1.000000
1.000000 0.000000 0.000000 0.000000 0.000000 1.000000 0.000000 0.000000 0.000000 0.000000 1.000000 0.000000 0.000000 0.000000 0.000000 1.000000
1.000000 0.000000 -0.000000 0.000000 0.000000 1.000000 -0.000000 0.000000 0.000000 0.000000 1.000000 0.000000 0.000000 0.000000 0.000000 1.000000
1.000000 -0.000000 0.000000 0.000000 0.000000 1.000000 0.000000 0.000000 0.000000 -0.000000 1.000000 0.000000 0.000000 0.000000 0.000000 1.000000
1.000000 0.000000 -0.000000 0.000000 -0.000000 1.000000 -0.000000 0.000000 -0.000000 0.000000 1.000000 0.000000 0.000000 0.000000 0.000000 1.000000
1.000000 0.000000 0.000000 0.000000 0.000000 1.000000 0.000000 0.000000 -0.000000 0.000000 1.000000 0.000000 0.000000 0.000000 0.000000 1.000000
1.000000 0.000000 -0.000000 0.000000 -0.000000 1.000000 0.000000 0.000000 -0.000000 -0.000000 1.000000 0.000000 0.000000 0.000000 0.000000 1.000000
1.000000 0.000000 0.000000 0.000000 -0.000000 1.000000 -0.000000 0.000000 0.000000 0.000000 1.000000 0.000000 0.000000 0.000000 0.000000 1.000000
1.000000 0.000000 0.000000 0.000000 0.000000 1.000000 0.000000 0.000000 -0.000000 0.000000 1.000000 0.000000 0.000000 0.000000 0.000000 1.000000
1.000000 0.000000 0.000000 0.000000 0.000000 1.000000 0.000000 0.000000 -0.000000 0.000000 1.000000 0.000000 0.000000 0.000000 0.000000 1.000000
1.000000 0.000000 0.000000 0.000000 0.000000 1.000000 0.000000 0.000000 0.000000 -0.000000 1.000000 0.000000 0.000000 0.000000 0.000000 1.000000
1.000000 0.000000 0.000000 0.000000 -0.000000 1.000000 -0.000000 0.000000 -0.000000 0.000000 1.000000 0.000000 0.000000 0.000000 0.000000 1.000000
1.000000 -0.000000 -0.000000 0.000000 -0.000000 1.000000 0.000000 0.000000 -0.000000 0.000000 1.000000 0.000000 0.000000 0.000000 0.000000 1.000000
1.000000 0.000000 0.000000 0.000000 0.000000 1.000000 -0.000000 0.000000 0.000000 0.000000 1.000000 0.000000 0.000000 0.000000 0.000000 1.000000
1.000000 0.000000 0.000000 0.000000 0.000000 1.000000 -0.000000 0.000000 0.000000 0.000000 1.000000 0.000000 0.000000 0.000000 0.000000 1.000000
1.000000 0.000000 0.000000 0.000000 -0.000000 1.000000 -0.000000 0.000000 -0.000000 0.000000 1.000000 0.000000 0.000000 0.000000 0.000000 1.000000
1.000000 -0.000000 -0.000000 0.000000 -0.000000 1.000000 0.000000 0.000000 0.000000 -0.000000 1.000000 0.000000 0.000000 0.000000 0.000000 1.000000
1.000000 -0.000000 0.000000 0.000000 -0.000000 1.000000 -0.000000 0.000000 0.000000 0.000000 1.000000 0.000000 0.000000 0.000000 0.000000 1.000000
1.000000 -0.000000 0.000000 0.000000 -0.000000 1.000000 0.000000 0.000000 0.000000 -0.000000 1.000000 0.000000 0.000000 0.000000 0.000000 1.000000
1.000000 0.000000 0.000000 0.000000 0.000000 1.000000 -0.000000 0.000000 0.000000 0.000000 1.000000 0.000000 0.000000 0.000000 0.000000 1.000000
1.000000 -0.000000 0.000000 0.000000 -0.000000 1.000000 0.000000 0.000000 0.000000 -0.000000 1.000000 0.000000 0.000000 0.000000 0.000000 1.000000
1.000000 -0.000000 0.000000 0.000000 0.000000 1.000000 0.000000 0.000000 0.000000 0.000000 1.000000 0.000000 0.000000 0.000000 0.000000 1.000000
1.000000 -0.000000 -0.000000 0.000000 -0.000000 1.000000 -0.000000 0.000000 0.000000 -0.000000 1.000000 0.000000 0.000000 0.000000 0.000000 1.000000
1.000000 -0.000000 -0.000000 0.000000 -0.000000 1.000000 -0.000000 0.000000 -0.000000 -0.000000 1.000000 0.000000 0.000000 0.000000 0.000000 1.000000
1.000000 0.000000 -0.000000 0.000000 0.000000 1.000000 0.000000 0.000000 -0.000000 0.000000 1.000000 0.000000 0.000000 0.000000 0.000000 1.000000
1.000000 0.000000 0.000000 0.000000 -0.000000 1.000000 0.000000 0.000000 -0.000000 -0.000000 1.000000 0.000000 0.000000 0.000000 0.000000 1.000000
1.000000 0.000000 0.000000 0.000000 0.000000 1.000000 0.000000 0.000000 0.000000 0.000000 1.000000 0.000000 0.000000 0.000000 0.000000 1.000000
1.000000 0.000000 -0.000000 0.000000 -0.000000 1.000000 0.000000 0.000000 0.000000 0.000000 1.000000 0.000000 0.000000 0.000000 0.000000 1.000000
1.000000 0.000000 0.000000 0.000000 0.000000 1.000000 0.000000 0.000000 0.000000 -0.000000 1.000000 0.000000 0.000000 0.000000 0.000000 1.000000
1.000000 0.000000 0.000000 0.000000 0.000000 1.000000 0.000000 0.000000 0.000000 -0.000000 1.000000 0.000000 0.000000 0.000000 0.000000 1.000000
1.000000 0.000000 -0.000000 0.000000 0.000000 1.000000 0.000000 0.000000 0.000000 0.000000 1.000000 0.000000 0.000000 0.000000 0.000000 1.000000
1.000000 -0.000000 -0.000000 0.000000 0.000000 1.000000 0.000000 0.000000 -0.000000 0.000000 1.000000 0.000000 0.000000 0.000000 0.000000 1.000000
1.000000 -0.000000 0.000000 0.000000 0.000000 1.000000 -0.000000 0.000000 0.000000 0.000000 1.000000 0.000000 0.000000 0.000000 0.000000 1.000000
1.000000 0.000000 0.000000 0.000000 0.000000 1.000000 0.000000 0.000000 0.000000 0.000000 1.000000 0.000000 0.000000 0.000000 0.000000 1.000000
1.000000 -0.000000 -0.000000 0.000000 0.000000 1.000000 0.000000 0.000000 -0.000000 0.000000 1.000000 0.000000 0.000000 0.000000 0.000000 1.000000
1.000000 0.000000 -0.000000 0.000000 -0.000000 1.000000 0.000000 0.000000 0.000000 0.000000 1.000000 0.000000 0.000000 0.000000 0.000000 1.000000
1.000000 -0.000000 0.000000 0.000000 -0.000000 1.000000 -0.000000 0.000000 0.000000 -0.000000 1.000000 0.000000 0.000000 0.000000 0.000000 1.000000
1.000000 -0.000000 -0.000000 0.000000 0.000000 1.000000 0.000000 0.000000 -0.000000 -0.000000 1.000000 0.000000 0.000000 0.000000 0.000000 1.000000
