<?xml version="1.0" encoding="utf-8"?>
<COLLADA xmlns="http://www.collada.org/2005/11/COLLADASchema" version="1.4.1">
  <asset><contributor><author>Mixamo</author><authoring_tool>COLLADA Mixamo exporter</authoring_tool><comments></comments></contributor><created>2017-03-27T20:55:42Z</created><modified>2017-03-27T20:55:42Z</modified><revision></revision><title></title><unit meter="0.010000"/><up_axis>Y_UP</up_axis></asset>
  <library_animations>
    <animation id="newVegas_Hips-anim" name="newVegas_Hips"><source id="newVegas_Hips-Matrix-animation-input"><float_array id="newVegas_Hips-Matrix-animation-input-array" count="372">

0.000000 0.033333 0.066667 0.100000 0.133333 0.166667 0.200000 0.233333 0.266667 0.300000 0.333333 0.366667 0.400000 0.433333 0.466667 0.500000
0.533333 0.566667 0.600000 0.633333 0.666667 0.700000 0.733333 0.766667 0.800000 0.833333 0.866667 0.900000 0.933333 0.966667 1.000000 1.033333
1.066667 1.100000 1.133333 1.166667 1.200000 1.233333 1.266667 1.300000 1.333333 1.366667 1.400000 1.433333 1.466667 1.500000 1.533333 1.566667
1.600000 1.633333 1.666667 1.700000 1.733333 1.766667 1.800000 1.833333 1.866667 1.900000 1.933333 1.966667 2.000000 2.033333 2.066667 2.100000
2.133333 2.166667 2.200000 2.233333 2.266667 2.300000 2.333333 2.366667 2.400000 2.433333 2.466667 2.500000 2.533333 2.566667 2.600000 2.633333
2.666667 2.700000 2.733333 2.766667 2.800000 2.833333 2.866667 2.900000 2.933333 2.966667 3.000000 3.033333 3.066667 3.100000 3.133333 3.166667
3.200000 3.233333 3.266667 3.300000 3.333333 3.366667 3.400000 3.433333 3.466667 3.500000 3.533333 3.566667 3.600000 3.633333 3.666667 3.700000
3.733333 3.766667 3.800000 3.833333 3.866667 3.900000 3.933333 3.966667 4.000000 4.033333 4.066667 4.100000 4.133333 4.166667 4.200000 4.233333
4.266667 4.300000 4.333333 4.366667 4.400000 4.433333 4.466667 4.500000 4.533333 4.566667 4.600000 4.633333 4.666667 4.700000 4.733333 4.766667
4.800000 4.833333 4.866667 4.900000 4.933333 4.966667 5.000000 5.033333 5.066667 5.100000 5.133333 5.166667 5.200000 5.233333 5.266667 5.300000
5.333333 5.366667 5.400000 5.433333 5.466667 5.500000 5.533333 5.566667 5.600000 5.633333 5.666667 5.700000 5.733333 5.766667 5.800000 5.833333
5.866667 5.900000 5.933333 5.966667 6.000000 6.033333 6.066667 6.100000 6.133333 6.166667 6.200000 6.233333 6.266667 6.300000 6.333333 6.366667
6.400000 6.433333 6.466667 6.500000 6.533333 6.566667 6.600000 6.633333 6.666667 6.700000 6.733333 6.766667 6.800000 6.833333 6.866667 6.900000
6.933333 6.966667 7.000000 7.033333 7.066667 7.100000 7.133333 7.166667 7.200000 7.233333 7.266667 7.300000 7.333333 7.366667 7.400000 7.433333
7.466667 7.500000 7.533333 7.566667 7.600000 7.633333 7.666667 7.700000 7.733333 7.766667 7.800000 7.833333 7.866667 7.900000 7.933333 7.966667
8.000000 8.033333 8.066667 8.100000 8.133333 8.166667 8.200000 8.233333 8.266667 8.300000 8.333333 8.366667 8.400000 8.433333 8.466667 8.500000
8.533333 8.566667 8.600000 8.633333 8.666667 8.700000 8.733333 8.766667 8.800000 8.833333 8.866667 8.900000 8.933333 8.966667 9.000000 9.033333
9.066667 9.100000 9.133333 9.166667 9.200000 9.233333 9.266667 9.300000 9.333333 9.366667 9.400000 9.433333 9.466667 9.500000 9.533333 9.566667
9.600000 9.633333 9.666667 9.700000 9.733333 9.766667 9.800000 9.833333 9.866667 9.900000 9.933333 9.966667 10.000000 10.033333 10.066667 10.100000
10.133333 10.166667 10.200000 10.233333 10.266667 10.300000 10.333333 10.366667 10.400000 10.433333 10.466667 10.500000 10.533333 10.566667 10.600000 10.633333
10.666667 10.700000 10.733333 10.766667 10.800000 10.833333 10.866667 10.900000 10.933333 10.966667 11.000000 11.033333 11.066667 11.100000 11.133333 11.166667
11.200000 11.233333 11.266667 11.300000 11.333333 11.366667 11.400000 11.433333 11.466667 11.500000 11.533333 11.566667 11.600000 11.633333 11.666667 11.700000
11.733333 11.766667 11.800000 11.833333 11.866667 11.900000 11.933333 11.966667 12.000000 12.033333 12.066667 12.100000 12.133333 12.166667 12.200000 12.233333
12.266667 12.300000 12.333333 12.366667</float_array><technique_common><accessor source="#newVegas_Hips-Matrix-animation-input-array" count="372"><param name="TIME" type="float"/></accessor></technique_common></source><source id="newVegas_Hips-Matrix-animation-output-transform"><float_array id="newVegas_Hips-Matrix-animation-output-transform-array" count="5952">

0.994308 0.055096 -0.091188 0.047622 -0.049247 0.996656 0.065198 95.253677 0.094475 -0.060336 0.993697 4.395757 0.000000 0.000000 0.000000 1.000000
0.995316 0.043589 -0.086292 -0.136913 -0.038181 0.997260 0.063358 94.998032 0.088817 -0.059766 0.994253 4.515501 0.000000 0.000000 0.000000 1.000000
0.996208 0.031854 -0.080963 -0.326900 -0.026845 0.997701 0.062224 94.778427 0.082759 -0.059815 0.994773 4.658432 0.000000 0.000000 0.000000 1.000000
0.996950 0.019258 -0.075626 -0.527808 -0.014596 0.997987 0.061716 94.556686 0.076662 -0.060424 0.995225 4.817693 0.000000 0.000000 0.000000 1.000000
0.997482 0.005525 -0.070706 -0.741213 -0.001155 0.998095 0.061689 94.332291 0.070912 -0.061452 0.995588 4.984857 0.000000 0.000000 0.000000 1.000000
0.997745 -0.008750 -0.066545 -0.978262 0.012889 0.997992 0.062019 94.114677 0.065869 -0.062737 0.995854 5.155334 0.000000 0.000000 0.000000 1.000000
0.997730 -0.022126 -0.063598 -1.259343 0.026123 0.997689 0.062717 93.897514 0.062064 -0.064236 0.996003 5.346942 0.000000 0.000000 0.000000 1.000000
0.997435 -0.034164 -0.062905 -1.597740 0.038188 0.997224 0.063914 93.653137 0.060546 -0.066153 0.995971 5.587345 0.000000 0.000000 0.000000 1.000000
0.996677 -0.047408 -0.066237 -1.998394 0.051750 0.996513 0.065450 93.377686 0.062903 -0.068660 0.995655 5.852021 0.000000 0.000000 0.000000 1.000000
0.995035 -0.065460 -0.074968 -2.489573 0.070430 0.995352 0.065684 93.149734 0.070320 -0.070638 0.995020 5.976173 0.000000 0.000000 0.000000 1.000000
0.992554 -0.085781 -0.086480 -3.151944 0.091196 0.993980 0.060727 92.932388 0.080750 -0.068161 0.994401 5.697519 0.000000 0.000000 0.000000 1.000000
0.991369 -0.095718 -0.089581 -4.068711 0.100209 0.993854 0.047038 92.542015 0.084528 -0.055609 0.994868 4.845881 0.000000 0.000000 0.000000 1.000000
0.994758 -0.079765 -0.063991 -5.056179 0.081530 0.996346 0.025455 91.457825 0.061727 -0.030539 0.997626 3.620413 0.000000 0.000000 0.000000 1.000000
0.999478 -0.031643 0.006582 -5.273909 0.031651 0.999498 -0.001055 88.986343 -0.006546 0.001262 0.999978 2.804800 0.000000 0.000000 0.000000 1.000000
0.993232 0.023983 0.113648 -4.371638 -0.020787 0.999357 -0.029225 86.353798 -0.114276 0.026665 0.993091 2.774914 0.000000 0.000000 0.000000 1.000000
0.972963 0.053451 0.224690 -3.845282 -0.042811 0.997731 -0.051968 85.809891 -0.226958 0.040944 0.973044 2.352448 0.000000 0.000000 0.000000 1.000000
0.952888 0.058023 0.297720 -4.107347 -0.040275 0.997045 -0.065410 87.351662 -0.300636 0.050338 0.952410 1.390107 0.000000 0.000000 0.000000 1.000000
0.948533 0.052426 0.312310 -5.058115 -0.030286 0.996699 -0.075329 90.161507 -0.315228 0.061994 0.946989 0.136942 0.000000 0.000000 0.000000 1.000000
0.959914 0.045391 0.276594 -5.701306 -0.022122 0.995991 -0.086674 92.967758 -0.279419 0.077080 0.957070 -0.774812 0.000000 0.000000 0.000000 1.000000
0.975685 0.032293 0.216787 -5.493596 -0.011551 0.995288 -0.096274 95.053825 -0.218874 0.091429 0.971460 -1.218100 0.000000 0.000000 0.000000 1.000000
0.987170 0.005783 0.159566 -4.660575 0.009954 0.995171 -0.097649 95.291031 -0.159360 0.097985 0.982346 -1.129565 0.000000 0.000000 0.000000 1.000000
0.992898 -0.017022 0.117744 -2.766839 0.027255 0.995935 -0.085851 95.523109 -0.115804 0.088450 0.989326 -0.995814 0.000000 0.000000 0.000000 1.000000
0.994894 -0.027958 0.096973 -0.347575 0.034100 0.997476 -0.062274 94.378975 -0.094988 0.065263 0.993337 -0.196624 0.000000 0.000000 0.000000 1.000000
0.995670 -0.023940 0.089818 2.028270 0.027506 0.998873 -0.038675 92.719849 -0.088791 0.040979 0.995207 1.033963 0.000000 0.000000 0.000000 1.000000
0.996992 -0.027292 0.072540 3.570596 0.029463 0.999144 -0.029030 90.604012 -0.071686 0.031080 0.996943 2.173627 0.000000 0.000000 0.000000 1.000000
0.998433 -0.054979 0.010396 4.123517 0.055319 0.997828 -0.035761 88.795555 -0.008408 0.036280 0.999306 2.341399 0.000000 0.000000 0.000000 1.000000
0.989257 -0.097999 -0.108476 4.031623 0.092888 0.994358 -0.051219 86.812668 0.112883 0.040593 0.992779 1.761718 0.000000 0.000000 0.000000 1.000000
0.962387 -0.123996 -0.241734 3.469231 0.111898 0.991708 -0.063206 83.530304 0.247567 0.033779 0.968282 1.134348 0.000000 0.000000 0.000000 1.000000
0.939915 -0.112689 -0.322274 2.783921 0.098327 0.993310 -0.060558 81.765434 0.326942 0.025232 0.944707 0.308795 0.000000 0.000000 0.000000 1.000000
0.945475 -0.069977 -0.318090 2.294244 0.057043 0.997129 -0.049808 82.419685 0.320662 0.028947 0.946751 -0.662215 0.000000 0.000000 0.000000 1.000000
0.968324 -0.019953 -0.248899 1.563270 0.008212 0.998808 -0.048125 83.911644 0.249562 0.044557 0.967333 -1.302619 0.000000 0.000000 0.000000 1.000000
0.985131 0.021848 -0.170409 -0.266169 -0.032102 0.997820 -0.057653 85.485977 0.168778 0.062266 0.983685 -1.118566 0.000000 0.000000 0.000000 1.000000
0.990196 0.058754 -0.126729 -3.291912 -0.067936 0.995274 -0.069392 87.157051 0.122053 0.077321 0.989507 -0.508117 0.000000 0.000000 0.000000 1.000000
0.989274 0.093125 -0.112539 -6.878243 -0.102703 0.991282 -0.082537 88.644310 0.103872 0.093210 0.990213 0.058840 0.000000 0.000000 0.000000 1.000000
0.988586 0.116024 -0.096106 -10.456949 -0.125945 0.986512 -0.104555 89.620819 0.082678 0.115465 0.989865 0.574672 0.000000 0.000000 0.000000 1.000000
0.991632 0.114494 -0.059636 -13.822265 -0.121734 0.983094 -0.136774 90.307877 0.042968 0.142889 0.988806 1.111985 0.000000 0.000000 0.000000 1.000000
0.995628 0.092953 -0.009244 -16.684290 -0.093204 0.981960 -0.164520 90.070824 -0.006216 0.164662 0.986330 2.168399 0.000000 0.000000 0.000000 1.000000
0.996382 0.074427 0.041022 -18.721373 -0.066547 0.983525 -0.168078 89.558762 -0.052856 0.164741 0.984920 3.542255 0.000000 0.000000 0.000000 1.000000
0.993118 0.078124 0.087258 -20.019016 -0.065370 0.987919 -0.140506 88.734901 -0.097181 0.133835 0.986227 4.772498 0.000000 0.000000 0.000000 1.000000
0.987097 0.092267 0.130869 -21.234245 -0.080452 0.992422 -0.092871 87.271500 -0.138447 0.081144 0.987040 5.391247 0.000000 0.000000 0.000000 1.000000
0.981180 0.097496 0.166672 -22.355368 -0.090858 0.994754 -0.047013 85.546852 -0.170381 0.030984 0.984891 5.293731 0.000000 0.000000 0.000000 1.000000
0.978703 0.085502 0.186630 -22.735622 -0.082883 0.996321 -0.021805 84.223480 -0.187807 0.005872 0.982188 4.965408 0.000000 0.000000 0.000000 1.000000
0.979780 0.061167 0.190496 -22.992680 -0.057672 0.998051 -0.023846 84.486053 -0.191584 0.012377 0.981398 4.432823 0.000000 0.000000 0.000000 1.000000
0.980965 0.046058 0.188644 -23.328447 -0.038034 0.998220 -0.045938 86.231453 -0.190424 0.037889 0.980970 3.623909 0.000000 0.000000 0.000000 1.000000
0.980701 0.048212 0.189476 -23.256260 -0.034244 0.996496 -0.076312 88.518959 -0.192491 0.068351 0.978915 2.742302 0.000000 0.000000 0.000000 1.000000
0.980538 0.050678 0.189676 -22.606636 -0.030059 0.993472 -0.110048 90.689857 -0.194015 0.102205 0.975660 2.072328 0.000000 0.000000 0.000000 1.000000
0.983378 0.035587 0.178046 -21.209446 -0.009354 0.989232 -0.146057 92.316841 -0.181326 0.141964 0.973122 1.914176 0.000000 0.000000 0.000000 1.000000
0.988630 0.007986 0.150157 -18.554583 0.019088 0.983846 -0.177996 93.126938 -0.149153 0.178838 0.972507 2.333964 0.000000 0.000000 0.000000 1.000000
0.992979 -0.011319 0.117745 -14.855101 0.034060 0.980613 -0.192971 92.884315 -0.113278 0.195627 0.974114 3.099387 0.000000 0.000000 0.000000 1.000000
0.995533 -0.008798 0.094003 -11.168947 0.025949 0.982803 -0.182825 92.041183 -0.090778 0.184447 0.978641 4.102045 0.000000 0.000000 0.000000 1.000000
0.997057 -0.003046 0.076609 -8.771266 0.014914 0.987829 -0.154829 91.120796 -0.075205 0.155516 0.984967 5.247782 0.000000 0.000000 0.000000 1.000000
0.998891 -0.017479 0.043711 -7.115600 0.022691 0.992304 -0.121732 90.558563 -0.041247 0.122589 0.991600 6.331795 0.000000 0.000000 0.000000 1.000000
0.998696 -0.050206 -0.009204 -5.233909 0.049187 0.994789 -0.089303 90.378738 0.013639 0.088734 0.995962 7.088709 0.000000 0.000000 0.000000 1.000000
0.995601 -0.083229 -0.043035 -3.698106 0.080668 0.995043 -0.058160 89.684631 0.047662 0.054433 0.997379 7.088884 0.000000 0.000000 0.000000 1.000000
0.995604 -0.092318 -0.015838 -2.404667 0.091809 0.995315 -0.030311 88.132050 0.018562 0.028724 0.999415 6.585526 0.000000 0.000000 0.000000 1.000000
0.995200 -0.069513 0.068884 -0.354426 0.071039 0.997274 -0.019954 86.100029 -0.067309 0.024752 0.997425 6.431625 0.000000 0.000000 0.000000 1.000000
0.986263 -0.046108 0.158616 0.993675 0.052544 0.997947 -0.036624 85.613976 -0.156601 0.044455 0.986661 6.099791 0.000000 0.000000 0.000000 1.000000
0.979694 -0.039853 0.196497 1.115286 0.053215 0.996581 -0.063198 86.496933 -0.193306 0.072372 0.978466 5.261549 0.000000 0.000000 0.000000 1.000000
0.984602 -0.049694 0.167596 1.083288 0.064074 0.994611 -0.081508 87.914757 -0.162642 0.090991 0.982481 4.367093 0.000000 0.000000 0.000000 1.000000
0.992145 -0.069198 0.104208 1.792062 0.079099 0.992416 -0.094094 89.624969 -0.096906 0.101598 0.990094 3.840682 0.000000 0.000000 0.000000 1.000000
0.994429 -0.092512 0.050528 3.257167 0.097590 0.989179 -0.109553 91.545982 -0.039846 0.113874 0.992696 3.679872 0.000000 0.000000 0.000000 1.000000
0.993380 -0.112464 0.023394 5.234517 0.114508 0.985673 -0.123840 93.114975 -0.009132 0.125699 0.992026 3.910423 0.000000 0.000000 0.000000 1.000000
0.992734 -0.119846 0.010750 7.430735 0.120250 0.984945 -0.124187 94.000504 0.004295 0.124577 0.992201 4.514675 0.000000 0.000000 0.000000 1.000000
0.993790 -0.111141 -0.005398 9.245975 0.109950 0.988279 -0.105905 94.339142 0.017105 0.104653 0.994362 5.319985 0.000000 0.000000 0.000000 1.000000
0.994944 -0.093626 -0.036339 10.506929 0.090582 0.992838 -0.077897 94.153252 0.043372 0.074212 0.996299 6.157876 0.000000 0.000000 0.000000 1.000000
0.992452 -0.086574 -0.086860 11.110689 0.082046 0.995142 -0.054419 93.407463 0.091149 0.046882 0.994733 6.499835 0.000000 0.000000 0.000000 1.000000
0.982325 -0.099214 -0.158724 11.388973 0.092828 0.994564 -0.047173 92.229622 0.162541 0.031605 0.986195 5.938075 0.000000 0.000000 0.000000 1.000000
0.962578 -0.121454 -0.242264 11.528955 0.110011 0.992102 -0.060265 89.832413 0.247670 0.031358 0.968337 4.754127 0.000000 0.000000 0.000000 1.000000
0.940755 -0.131113 -0.312713 11.257204 0.110011 0.990351 -0.084276 86.227303 0.320746 0.044881 0.946101 3.573580 0.000000 0.000000 0.000000 1.000000
0.931243 -0.115548 -0.345593 10.756786 0.084963 0.991105 -0.102432 83.605858 0.354354 0.066027 0.932777 2.628417 0.000000 0.000000 0.000000 1.000000
0.937949 -0.077527 -0.337997 10.724078 0.042899 0.993143 -0.108751 83.041382 0.344110 0.087503 0.934843 1.606717 0.000000 0.000000 0.000000 1.000000
0.951584 -0.038178 -0.305008 10.676037 0.005107 0.994084 -0.108496 83.730263 0.307346 0.101686 0.946149 0.725693 0.000000 0.000000 0.000000 1.000000
0.962726 -0.007656 -0.270368 9.827468 -0.022696 0.993787 -0.108959 85.243660 0.269523 0.111034 0.956571 0.337967 0.000000 0.000000 0.000000 1.000000
0.968336 0.019564 -0.248882 7.999216 -0.050098 0.991873 -0.116951 87.693146 0.244572 0.125716 0.961447 0.417140 0.000000 0.000000 0.000000 1.000000
0.971636 0.045685 -0.232028 5.254251 -0.078949 0.987535 -0.136165 90.656578 0.222915 0.150621 0.963131 0.775110 0.000000 0.000000 0.000000 1.000000
0.977092 0.062878 -0.203318 1.886315 -0.096767 0.982151 -0.161295 92.870255 0.189547 0.177274 0.965736 1.301996 0.000000 0.000000 0.000000 1.000000
0.985271 0.062974 -0.158983 -1.588964 -0.091256 0.979899 -0.177397 93.625458 0.144616 0.189292 0.971213 1.829386 0.000000 0.000000 0.000000 1.000000
0.993184 0.042834 -0.108405 -5.008677 -0.061114 0.983308 -0.171378 93.256615 0.099255 0.176835 0.979223 2.874402 0.000000 0.000000 0.000000 1.000000
0.997724 0.017164 -0.065216 -7.946255 -0.026521 0.989013 -0.145432 92.871971 0.062004 0.146831 0.987216 4.413659 0.000000 0.000000 0.000000 1.000000
0.999372 0.012721 -0.033069 -9.543129 -0.016393 0.993431 -0.113256 92.953751 0.031411 0.113727 0.993015 5.544871 0.000000 0.000000 0.000000 1.000000
0.999589 0.028675 -0.000030 -10.998236 -0.028573 0.995935 -0.085427 91.958473 -0.002420 0.085393 0.996344 5.791164 0.000000 0.000000 0.000000 1.000000
0.997952 0.047925 0.042364 -12.705537 -0.045029 0.996745 -0.066868 90.147362 -0.045431 0.064823 0.996862 5.194421 0.000000 0.000000 0.000000 1.000000
0.994334 0.056956 0.089759 -13.652246 -0.051731 0.996887 -0.059501 87.197144 -0.092869 0.054520 0.994185 4.227572 0.000000 0.000000 0.000000 1.000000
0.990579 0.043895 0.129715 -14.129644 -0.036407 0.997562 -0.059540 84.950844 -0.132012 0.054256 0.989762 3.400093 0.000000 0.000000 0.000000 1.000000
0.987683 0.017912 0.155440 -14.611811 -0.008595 0.998137 -0.060403 84.369217 -0.156233 0.058323 0.985997 2.744255 0.000000 0.000000 0.000000 1.000000
0.985300 -0.005302 0.170748 -14.723080 0.016065 0.997964 -0.061717 84.885933 -0.170073 0.063553 0.983380 2.185441 0.000000 0.000000 0.000000 1.000000
0.982870 -0.023746 0.182764 -13.812533 0.037679 0.996609 -0.073145 86.315056 -0.180407 0.078778 0.980432 1.694098 0.000000 0.000000 0.000000 1.000000
0.980666 -0.044105 0.190654 -11.725786 0.065128 0.992290 -0.105449 88.465279 -0.184534 0.115827 0.975977 1.306603 0.000000 0.000000 0.000000 1.000000
0.980904 -0.066949 0.182609 -8.702952 0.096199 0.983006 -0.156348 90.669273 -0.169038 0.170929 0.970675 1.020771 0.000000 0.000000 0.000000 1.000000
0.985320 -0.084953 0.148083 -5.265970 0.114979 0.971395 -0.207779 91.709167 -0.126196 0.221755 0.966902 0.854557 0.000000 0.000000 0.000000 1.000000
0.992080 -0.085443 0.092070 -1.744370 0.105135 0.965940 -0.236444 91.570320 -0.068731 0.244251 0.967273 0.985979 0.000000 0.000000 0.000000 1.000000
0.997147 -0.067595 0.033586 1.566561 0.073532 0.970381 -0.230115 90.914864 -0.017037 0.231929 0.972584 1.666052 0.000000 0.000000 0.000000 1.000000
0.998591 -0.051274 -0.013672 4.299705 0.047564 0.979080 -0.197838 90.637993 0.023530 0.196909 0.980139 2.747425 0.000000 0.000000 0.000000 1.000000
0.996232 -0.063160 -0.059427 6.111149 0.052935 0.985665 -0.160192 90.314079 0.068693 0.156443 0.985295 3.763684 0.000000 0.000000 0.000000 1.000000
0.987252 -0.100183 -0.123682 7.570315 0.083513 0.987550 -0.133303 89.139908 0.135497 0.121274 0.983328 4.159743 0.000000 0.000000 0.000000 1.000000
0.969726 -0.136522 -0.202467 8.803267 0.113183 0.985965 -0.122734 86.861664 0.216381 0.096102 0.971568 3.698786 0.000000 0.000000 0.000000 1.000000
0.952191 -0.150087 -0.266093 8.999767 0.121814 0.985291 -0.119844 84.228401 0.280166 0.081700 0.956468 2.979413 0.000000 0.000000 0.000000 1.000000
0.948847 -0.127297 -0.288937 8.811827 0.098320 0.988748 -0.112737 82.953880 0.300037 0.078562 0.950687 2.324962 0.000000 0.000000 0.000000 1.000000
0.958724 -0.085363 -0.271223 8.945331 0.059518 0.992988 -0.102141 83.312134 0.278041 0.081783 0.957082 1.713908 0.000000 0.000000 0.000000 1.000000
0.972041 -0.045871 -0.230287 8.863374 0.024095 0.995042 -0.096496 84.784889 0.233571 0.088249 0.968327 1.285560 0.000000 0.000000 0.000000 1.000000
0.983477 -0.012149 -0.180626 7.688880 -0.006744 0.994595 -0.103615 86.945084 0.180909 0.103121 0.978079 1.158462 0.000000 0.000000 0.000000 1.000000
0.992103 0.025441 -0.122820 5.382526 -0.040950 0.991254 -0.125450 89.318398 0.118554 0.129489 0.984468 1.377803 0.000000 0.000000 0.000000 1.000000
0.996224 0.067526 -0.054566 2.448447 -0.075153 0.985421 -0.152635 91.086395 0.043463 0.156159 0.986775 1.879509 0.000000 0.000000 0.000000 1.000000
0.995454 0.093923 0.015803 -0.896653 -0.089967 0.981731 -0.167659 91.965225 -0.031261 0.165475 0.985718 2.747063 0.000000 0.000000 0.000000 1.000000
0.993152 0.090187 0.074268 -4.105839 -0.077455 0.984177 -0.159360 92.073761 -0.087465 0.152516 0.984423 4.121955 0.000000 0.000000 0.000000 1.000000
0.990700 0.069437 0.117009 -6.949356 -0.053380 0.989384 -0.135165 91.535095 -0.125153 0.127662 0.983890 6.018724 0.000000 0.000000 0.000000 1.000000
0.986381 0.067535 0.149973 -9.169943 -0.050882 0.992378 -0.112232 91.302406 -0.156410 0.103073 0.982299 7.651778 0.000000 0.000000 0.000000 1.000000
0.980563 0.092440 0.173065 -11.676543 -0.075848 0.992076 -0.100160 90.611435 -0.180953 0.085086 0.979804 8.528275 0.000000 0.000000 0.000000 1.000000
0.977317 0.131205 0.166243 -13.234278 -0.116339 0.988535 -0.096252 90.162880 -0.176966 0.074729 0.981376 7.952604 0.000000 0.000000 0.000000 1.000000
0.983126 0.142482 0.114727 -15.136117 -0.131773 0.986611 -0.096093 87.882812 -0.126882 0.079354 0.988739 7.031794 0.000000 0.000000 0.000000 1.000000
0.991842 0.123175 0.032826 -17.453365 -0.119107 0.987244 -0.105652 85.385612 -0.045421 0.100880 0.993861 6.440365 0.000000 0.000000 0.000000 1.000000
0.993307 0.107963 -0.041060 -19.405972 -0.112323 0.985724 -0.125426 84.110794 0.026933 0.129199 0.991253 6.163902 0.000000 0.000000 0.000000 1.000000
0.989766 0.119707 -0.077680 -20.026655 -0.129755 0.981505 -0.140751 84.627747 0.059395 0.149390 0.986993 5.527848 0.000000 0.000000 0.000000 1.000000
0.985863 0.148405 -0.077783 -19.836063 -0.158397 0.976840 -0.143856 86.480675 0.054633 0.154143 0.986537 4.774096 0.000000 0.000000 0.000000 1.000000
0.982806 0.173413 -0.063410 -20.050350 -0.180848 0.973328 -0.141160 88.866051 0.037240 0.150201 0.987954 4.639480 0.000000 0.000000 0.000000 1.000000
0.981095 0.185704 -0.054467 -21.132368 -0.191649 0.971416 -0.140077 91.301155 0.026897 0.147868 0.988641 5.219258 0.000000 0.000000 0.000000 1.000000
0.981731 0.183451 -0.050489 -22.788351 -0.188822 0.972019 -0.139732 93.143700 0.023442 0.146713 0.988901 6.198831 0.000000 0.000000 0.000000 1.000000
0.986313 0.160620 -0.037249 -24.804321 -0.164197 0.977392 -0.133205 93.936073 0.015011 0.137498 0.990388 7.594986 0.000000 0.000000 0.000000 1.000000
0.992895 0.118800 -0.006849 -26.743185 -0.118785 0.986042 -0.116667 93.513260 -0.007106 0.116651 0.993148 9.540913 0.000000 0.000000 0.000000 1.000000
0.996143 0.079640 0.036837 -27.934513 -0.075791 0.992477 -0.096149 92.507133 -0.044217 0.092987 0.994685 11.610126 0.000000 0.000000 0.000000 1.000000
0.993940 0.067563 0.086710 -28.209190 -0.060412 0.994750 -0.082603 91.318008 -0.091836 0.076864 0.992803 12.669310 0.000000 0.000000 0.000000 1.000000
0.987378 0.072905 0.140602 -28.423668 -0.062234 0.994941 -0.078858 89.705460 -0.145640 0.069112 0.986921 12.530344 0.000000 0.000000 0.000000 1.000000
0.979564 0.070900 0.188223 -28.643312 -0.057368 0.995426 -0.076395 86.933426 -0.192778 0.064036 0.979151 11.637845 0.000000 0.000000 0.000000 1.000000
0.975216 0.050091 0.215510 -28.459562 -0.036069 0.996998 -0.068515 84.234688 -0.218295 0.059044 0.974095 10.652826 0.000000 0.000000 0.000000 1.000000
0.974659 0.020657 0.222739 -27.784418 -0.007132 0.998090 -0.061356 83.080246 -0.223581 0.058212 0.972945 9.941708 0.000000 0.000000 0.000000 1.000000
0.973606 0.001517 0.228229 -26.630503 0.013661 0.997798 -0.064908 83.329727 -0.227825 0.066313 0.971441 9.603399 0.000000 0.000000 0.000000 1.000000
0.969048 -0.008580 0.246725 -24.754263 0.029487 0.996264 -0.081167 84.868271 -0.245107 0.085930 0.965680 9.498238 0.000000 0.000000 0.000000 1.000000
0.962921 -0.029598 0.268156 -22.035646 0.059681 0.992708 -0.104735 87.486542 -0.263101 0.116855 0.957665 9.515347 0.000000 0.000000 0.000000 1.000000
0.961799 -0.070332 0.264569 -18.523794 0.107742 0.985689 -0.129648 90.454887 -0.251664 0.153200 0.955612 9.670790 0.000000 0.000000 0.000000 1.000000
0.969498 -0.111840 0.218097 -14.490335 0.147284 0.977084 -0.153668 92.481781 -0.195913 0.181102 0.963753 9.563933 0.000000 0.000000 0.000000 1.000000
0.982808 -0.123575 0.137179 -9.762747 0.145868 0.975177 -0.166592 93.387001 -0.113187 0.183738 0.976437 8.932242 0.000000 0.000000 0.000000 1.000000
0.993508 -0.102908 0.048502 -5.234179 0.109111 0.982626 -0.150135 92.659019 -0.032210 0.154452 0.987475 8.764289 0.000000 0.000000 0.000000 1.000000
0.997477 -0.066688 -0.024318 -0.989462 0.063742 0.992262 -0.106547 91.567169 0.031236 0.104728 0.994010 8.902090 0.000000 0.000000 0.000000 1.000000
0.996127 -0.041891 -0.077307 3.004451 0.036634 0.996999 -0.068203 90.798096 0.079932 0.065107 0.994672 8.977449 0.000000 0.000000 0.000000 1.000000
0.991504 -0.046385 -0.121523 6.546865 0.038385 0.996989 -0.067373 89.450592 0.124282 0.062136 0.990300 8.738935 0.000000 0.000000 0.000000 1.000000
0.983193 -0.079230 -0.164481 9.092253 0.062584 0.992603 -0.104036 87.290504 0.171507 0.091993 0.980878 7.361482 0.000000 0.000000 0.000000 1.000000
0.973812 -0.110725 -0.198569 11.327469 0.082543 0.985983 -0.144999 83.842972 0.211841 0.124812 0.969302 5.506697 0.000000 0.000000 0.000000 1.000000
0.969685 -0.119779 -0.212987 12.401434 0.087173 0.983838 -0.156410 80.880974 0.228280 0.133102 0.964454 4.021077 0.000000 0.000000 0.000000 1.000000
0.973130 -0.094814 -0.209827 12.584103 0.066907 0.988402 -0.136325 79.972733 0.220319 0.118623 0.968188 3.276172 0.000000 0.000000 0.000000 1.000000
0.978958 -0.046825 -0.198618 12.071628 0.025611 0.993814 -0.108062 81.258530 0.202449 0.100701 0.974101 3.194870 0.000000 0.000000 0.000000 1.000000
0.983325 0.006975 -0.181721 10.564130 -0.023536 0.995741 -0.089141 83.738319 0.180325 0.091931 0.979302 3.821574 0.000000 0.000000 0.000000 1.000000
0.986623 0.060106 -0.151530 8.005723 -0.072741 0.994196 -0.079262 86.723244 0.145887 0.089224 0.985270 4.935642 0.000000 0.000000 0.000000 1.000000
0.988630 0.112076 -0.100252 4.964283 -0.119639 0.990138 -0.072896 89.738708 0.091093 0.084061 0.992288 6.118508 0.000000 0.000000 0.000000 1.000000
0.987330 0.155062 -0.033691 2.005103 -0.157068 0.985204 -0.068570 91.984390 0.022559 0.072993 0.997077 7.115118 0.000000 0.000000 0.000000 1.000000
0.985229 0.168888 0.028304 -1.180443 -0.166820 0.983903 -0.064076 93.170456 -0.038670 0.058408 0.997544 8.130113 0.000000 0.000000 0.000000 1.000000
0.987103 0.146246 0.065106 -4.724030 -0.142689 0.988164 -0.056317 92.925957 -0.072572 0.046301 0.996288 9.439955 0.000000 0.000000 0.000000 1.000000
0.991984 0.106630 0.067811 -8.233978 -0.103469 0.993447 -0.048547 92.035965 -0.072543 0.041141 0.996516 10.945488 0.000000 0.000000 0.000000 1.000000
0.995363 0.084618 0.045740 -10.965295 -0.082614 0.995607 -0.044059 90.972694 -0.049268 0.040076 0.997981 12.036705 0.000000 0.000000 0.000000 1.000000
0.995693 0.090562 0.019843 -13.408187 -0.089821 0.995324 -0.035523 89.040680 -0.022967 0.033588 0.999172 12.126263 0.000000 0.000000 0.000000 1.000000
0.994340 0.106057 0.006254 -15.545816 -0.105942 0.994236 -0.016493 87.108490 -0.007967 0.015737 0.999844 11.352095 0.000000 0.000000 0.000000 1.000000
0.994216 0.107196 0.006639 -16.974546 -0.107228 0.994224 0.004631 84.506332 -0.006104 -0.005316 0.999967 10.476839 0.000000 0.000000 0.000000 1.000000
0.996726 0.079918 0.012251 -17.423195 -0.080075 0.996706 0.012891 82.280846 -0.011180 -0.013830 0.999842 10.045986 0.000000 0.000000 0.000000 1.000000
0.999112 0.036918 0.020320 -17.865801 -0.036968 0.999314 0.002086 81.699112 -0.020230 -0.002835 0.999791 9.517807 0.000000 0.000000 0.000000 1.000000
0.999473 0.006030 0.031906 -18.038816 -0.005409 0.999795 -0.019503 82.301201 -0.032017 0.019320 0.999301 9.009343 0.000000 0.000000 0.000000 1.000000
0.998991 -0.008415 0.044120 -17.246469 0.010114 0.999210 -0.038440 83.736816 -0.043762 0.038848 0.998286 8.953436 0.000000 0.000000 0.000000 1.000000
0.998617 -0.021949 0.047774 -15.253544 0.024181 0.998618 -0.046671 86.002548 -0.046684 0.047761 0.997767 9.486092 0.000000 0.000000 0.000000 1.000000
0.998536 -0.041901 0.034213 -12.401387 0.043365 0.998123 -0.043235 88.607330 -0.032337 0.044656 0.998479 10.328878 0.000000 0.000000 0.000000 1.000000
0.998535 -0.054089 0.001665 -9.132741 0.054114 0.998026 -0.031875 90.552666 0.000062 0.031919 0.999490 11.297088 0.000000 0.000000 0.000000 1.000000
0.998036 -0.044645 -0.043947 -6.202746 0.043867 0.998866 -0.018528 91.494209 0.044725 0.016564 0.998862 12.240782 0.000000 0.000000 0.000000 1.000000
0.994918 -0.020874 -0.098502 -4.112022 0.020039 0.999754 -0.009461 91.878754 0.098675 0.007439 0.995092 13.247505 0.000000 0.000000 0.000000 1.000000
0.987810 -0.010924 -0.155282 -2.558874 0.009912 0.999924 -0.007295 91.453949 0.155350 0.005667 0.987843 14.246132 0.000000 0.000000 0.000000 1.000000
0.980342 -0.036081 -0.193978 -0.683495 0.035240 0.999349 -0.007786 90.228798 0.194133 0.000797 0.980975 14.711882 0.000000 0.000000 0.000000 1.000000
0.979483 -0.086461 -0.182039 1.249296 0.088009 0.996120 0.000432 89.644501 0.181295 -0.016444 0.983291 14.242277 0.000000 0.000000 0.000000 1.000000
0.987501 -0.122641 -0.098996 3.356006 0.125473 0.991833 0.022892 88.525429 0.095380 -0.035027 0.994825 13.345898 0.000000 0.000000 0.000000 1.000000
0.991131 -0.129458 0.029991 5.056749 0.128435 0.991140 0.033856 86.656799 -0.034108 -0.029704 0.998977 12.232677 0.000000 0.000000 0.000000 1.000000
0.982708 -0.112354 0.147176 7.177646 0.112959 0.993590 0.004263 84.510971 -0.146712 0.012436 0.989101 11.347628 0.000000 0.000000 0.000000 1.000000
0.972919 -0.107211 0.204778 8.095035 0.119485 0.991650 -0.048506 83.885193 -0.197867 0.071660 0.977606 10.354280 0.000000 0.000000 0.000000 1.000000
0.972503 -0.119978 0.199606 8.118500 0.139237 0.986572 -0.085377 84.487625 -0.186682 0.110822 0.976150 9.326848 0.000000 0.000000 0.000000 1.000000
0.976855 -0.138785 0.162767 8.348917 0.154828 0.983801 -0.090359 86.051483 -0.147589 0.113469 0.982518 8.737906 0.000000 0.000000 0.000000 1.000000
0.980300 -0.148352 0.130396 9.839088 0.158901 0.984476 -0.074553 88.123047 -0.117312 0.093804 0.988655 9.027058 0.000000 0.000000 0.000000 1.000000
0.982928 -0.142281 0.116653 12.451515 0.149572 0.987147 -0.056288 90.050949 -0.107145 0.072775 0.991576 10.136217 0.000000 0.000000 0.000000 1.000000
0.986082 -0.125585 0.108954 14.769830 0.131223 0.990276 -0.046197 91.688820 -0.102093 0.059851 0.992973 11.555169 0.000000 0.000000 0.000000 1.000000
0.990665 -0.107024 0.084428 15.730553 0.111331 0.992620 -0.048068 93.470039 -0.078660 0.057019 0.995269 12.824697 0.000000 0.000000 0.000000 1.000000
0.995664 -0.087411 0.031810 15.923337 0.089245 0.994095 -0.061725 94.602654 -0.026227 0.064296 0.997586 13.770834 0.000000 0.000000 0.000000 1.000000
0.996749 -0.070982 -0.038107 15.826047 0.067707 0.994391 -0.081249 94.497452 0.043661 0.078404 0.995965 14.218588 0.000000 0.000000 0.000000 1.000000
0.993267 -0.057777 -0.100414 16.010635 0.048026 0.994130 -0.096948 92.913147 0.105426 0.091473 0.990211 14.014757 0.000000 0.000000 0.000000 1.000000
0.989539 -0.049635 -0.135459 16.565947 0.035964 0.994179 -0.101564 90.036423 0.139712 0.095630 0.985564 13.221788 0.000000 0.000000 0.000000 1.000000
0.988899 -0.040825 -0.142874 16.763889 0.027502 0.995191 -0.094012 86.664413 0.146025 0.089039 0.985266 12.437719 0.000000 0.000000 0.000000 1.000000
0.990237 -0.017736 -0.138259 16.720922 0.006740 0.996804 -0.079599 83.840408 0.139229 0.077890 0.987192 12.073498 0.000000 0.000000 0.000000 1.000000
0.990335 0.017863 -0.137540 16.568594 -0.027024 0.997517 -0.065034 82.231995 0.136037 0.068122 0.988359 12.039636 0.000000 0.000000 0.000000 1.000000
0.988591 0.050109 -0.142046 15.934644 -0.058045 0.996944 -0.052284 81.479378 0.138992 0.059932 0.988478 12.346032 0.000000 0.000000 0.000000 1.000000
0.986622 0.074820 -0.144842 14.768608 -0.081147 0.995967 -0.038274 81.757828 0.141395 0.049515 0.988714 12.813810 0.000000 0.000000 0.000000 1.000000
0.985011 0.099696 -0.140763 13.197868 -0.103461 0.994439 -0.019673 83.600586 0.138019 0.033941 0.989848 13.214905 0.000000 0.000000 0.000000 1.000000
0.983561 0.127599 -0.127778 11.024155 -0.128603 0.991696 0.000391 86.899101 0.126767 0.016048 0.991803 13.622744 0.000000 0.000000 0.000000 1.000000
0.983386 0.147294 -0.106097 7.925005 -0.146845 0.989086 0.012068 90.427353 0.106717 0.003712 0.994283 14.237446 0.000000 0.000000 0.000000 1.000000
0.986559 0.143794 -0.077617 4.048701 -0.143623 0.989602 0.007809 92.837143 0.077933 0.003444 0.996953 14.869495 0.000000 0.000000 0.000000 1.000000
0.992610 0.112940 -0.044391 0.094335 -0.113453 0.993501 -0.009195 93.181030 0.043064 0.014164 0.998972 15.608185 0.000000 0.000000 0.000000 1.000000
0.996918 0.078157 -0.006845 -2.957622 -0.078315 0.996562 -0.027023 92.883499 0.004709 0.027476 0.999611 16.421347 0.000000 0.000000 0.000000 1.000000
0.997284 0.064742 0.035112 -5.051225 -0.063515 0.997367 -0.035006 92.555992 -0.037286 0.032680 0.998770 17.106440 0.000000 0.000000 0.000000 1.000000
0.993801 0.080329 0.076851 -7.115439 -0.078097 0.996444 -0.031630 91.715591 -0.079118 0.025432 0.996541 16.748463 0.000000 0.000000 0.000000 1.000000
0.989334 0.100971 0.104992 -9.280931 -0.099162 0.994821 -0.022326 90.021599 -0.106703 0.011676 0.994222 15.482483 0.000000 0.000000 0.000000 1.000000
0.988945 0.100265 0.109244 -11.388638 -0.099436 0.994959 -0.013023 87.595016 -0.109999 0.002016 0.993930 13.788042 0.000000 0.000000 0.000000 1.000000
0.993187 0.069341 0.093652 -12.765119 -0.068675 0.997586 -0.010317 85.127716 -0.094142 0.003815 0.995552 12.144435 0.000000 0.000000 0.000000 1.000000
0.996692 0.020318 0.078694 -13.702978 -0.018904 0.999647 -0.018671 83.695129 -0.079045 0.017122 0.996724 10.918346 0.000000 0.000000 0.000000 1.000000
0.996186 -0.018108 0.085352 -14.079108 0.021064 0.999204 -0.033866 83.445793 -0.084671 0.035535 0.995775 10.209328 0.000000 0.000000 0.000000 1.000000
0.992893 -0.034330 0.113951 -13.596729 0.040204 0.997956 -0.049664 84.219528 -0.112013 0.053892 0.992244 10.075407 0.000000 0.000000 0.000000 1.000000
0.988282 -0.042691 0.146547 -12.358088 0.052630 0.996521 -0.064626 86.194206 -0.143278 0.071581 0.987090 10.481880 0.000000 0.000000 0.000000 1.000000
0.984442 -0.060057 0.165127 -10.530669 0.073917 0.994122 -0.079109 89.219543 -0.159406 0.090084 0.983094 11.327503 0.000000 0.000000 0.000000 1.000000
0.983212 -0.081145 0.163432 -7.991943 0.097358 0.990824 -0.093753 92.538155 -0.154325 0.108091 0.982090 12.461216 0.000000 0.000000 0.000000 1.000000
0.985770 -0.084364 0.145396 -4.979798 0.100443 0.989168 -0.107039 94.760826 -0.134791 0.120119 0.983566 13.651733 0.000000 0.000000 0.000000 1.000000
0.991519 -0.055880 0.117331 -1.886329 0.069215 0.991200 -0.112836 95.029442 -0.109993 0.120000 0.986662 14.843939 0.000000 0.000000 0.000000 1.000000
0.996435 -0.008633 0.083920 0.819618 0.017573 0.994171 -0.106377 94.377243 -0.082513 0.107473 0.990778 16.163691 0.000000 0.000000 0.000000 1.000000
0.998628 0.023405 0.046842 2.168334 -0.019010 0.995562 -0.092171 94.076622 -0.048792 0.091154 0.994641 17.260923 0.000000 0.000000 0.000000 1.000000
0.999676 0.025248 0.003355 3.202641 -0.024891 0.996357 -0.081567 92.871613 -0.005402 0.081457 0.996662 17.692942 0.000000 0.000000 0.000000 1.000000
0.998938 0.002220 -0.046028 4.192061 -0.006031 0.996545 -0.082841 91.330482 0.045685 0.083030 0.995499 17.204813 0.000000 0.000000 0.000000 1.000000
0.995150 -0.023696 -0.095468 4.926713 0.014728 0.995505 -0.093561 89.618416 0.097256 0.091701 0.991026 16.297558 0.000000 0.000000 0.000000 1.000000
0.990108 -0.036040 -0.135597 5.370169 0.022158 0.994483 -0.102530 87.138016 0.138544 0.098511 0.985445 15.626974 0.000000 0.000000 0.000000 1.000000
0.986674 -0.027310 -0.160400 5.522679 0.011095 0.994811 -0.101129 85.090538 0.162329 0.098002 0.981858 15.542189 0.000000 0.000000 0.000000 1.000000
0.985325 -0.004093 -0.170641 5.552619 -0.011486 0.995856 -0.090214 84.591339 0.170303 0.090850 0.981195 15.639366 0.000000 0.000000 0.000000 1.000000
0.986340 0.020442 -0.163448 5.127733 -0.033058 0.996647 -0.074844 85.520073 0.161370 0.079224 0.983709 15.875526 0.000000 0.000000 0.000000 1.000000
0.989595 0.047058 -0.135969 3.996482 -0.055363 0.996783 -0.057959 87.655144 0.132804 0.064883 0.989016 16.309517 0.000000 0.000000 0.000000 1.000000
0.992592 0.078226 -0.092961 2.248785 -0.082368 0.995734 -0.041585 90.509270 0.089311 0.048934 0.994801 16.888691 0.000000 0.000000 0.000000 1.000000
0.993901 0.099595 -0.047337 -0.096370 -0.101052 0.994445 -0.029458 92.925323 0.044140 0.034062 0.998445 17.681496 0.000000 0.000000 0.000000 1.000000
0.995179 0.097265 -0.012595 -2.766618 -0.097552 0.994925 -0.024641 94.311409 0.010134 0.025751 0.999617 18.527454 0.000000 0.000000 0.000000 1.000000
0.997403 0.071258 0.010464 -5.436507 -0.070950 0.997106 -0.027295 94.198601 -0.012379 0.026482 0.999573 19.473034 0.000000 0.000000 0.000000 1.000000
0.997994 0.055993 0.029548 -7.568667 -0.055080 0.998004 -0.030877 93.286430 -0.031218 0.029188 0.999086 20.159899 0.000000 0.000000 0.000000 1.000000
0.996257 0.072602 0.046924 -9.740287 -0.071508 0.997137 -0.024587 91.973251 -0.048575 0.021139 0.998596 20.294727 0.000000 0.000000 0.000000 1.000000
0.992184 0.115816 0.046444 -11.530369 -0.115641 0.993270 -0.006448 92.057861 -0.046878 0.001027 0.998900 19.716648 0.000000 0.000000 0.000000 1.000000
0.988925 0.148374 0.003557 -13.480982 -0.148406 0.988856 0.011798 92.383224 -0.001767 -0.012195 0.999924 18.757778 0.000000 0.000000 0.000000 1.000000
0.984048 0.159094 -0.079611 -15.127550 -0.158742 0.987261 0.010777 91.286400 0.080311 0.002033 0.996768 17.577913 0.000000 0.000000 0.000000 1.000000
0.974456 0.149869 -0.167259 -16.909363 -0.154529 0.987872 -0.015131 89.715698 0.162963 0.040591 0.985797 16.490585 0.000000 0.000000 0.000000 1.000000
0.966557 0.142931 -0.212927 -18.310432 -0.155591 0.986848 -0.043849 88.524193 0.203859 0.075513 0.976084 15.588652 0.000000 0.000000 0.000000 1.000000
0.968781 0.147163 -0.199515 -19.060987 -0.160695 0.985563 -0.053326 88.299431 0.188786 0.083722 0.978443 14.839779 0.000000 0.000000 0.000000 1.000000
0.976761 0.155028 -0.147998 -19.517895 -0.163329 0.985517 -0.045612 89.182846 0.138784 0.068724 0.987935 14.408936 0.000000 0.000000 0.000000 1.000000
0.982390 0.161068 -0.094693 -20.231216 -0.165022 0.985652 -0.035472 90.922417 0.087621 0.050473 0.994874 14.505386 0.000000 0.000000 0.000000 1.000000
0.983848 0.167658 -0.062713 -21.416294 -0.169747 0.985044 -0.029576 93.203178 0.056817 0.039743 0.997593 15.092449 0.000000 0.000000 0.000000 1.000000
0.984418 0.168244 -0.051148 -23.231207 -0.169566 0.985258 -0.022685 95.165176 0.046577 0.031004 0.998433 16.064592 0.000000 0.000000 0.000000 1.000000
0.987402 0.150945 -0.047465 -25.788820 -0.151669 0.988358 -0.012027 95.887299 0.045097 0.019075 0.998800 17.311991 0.000000 0.000000 0.000000 1.000000
0.992532 0.115457 -0.039360 -28.515812 -0.115736 0.993268 -0.004892 95.438522 0.038530 0.009410 0.999213 18.784721 0.000000 0.000000 0.000000 1.000000
0.996256 0.084194 -0.019647 -30.272038 -0.084352 0.996409 -0.007377 95.127411 0.018956 0.009006 0.999780 20.027920 0.000000 0.000000 0.000000 1.000000
0.997809 0.065281 0.010740 -31.808558 -0.065110 0.997757 -0.015558 93.995010 -0.011731 0.014824 0.999821 20.798903 0.000000 0.000000 0.000000 1.000000
0.996139 0.079044 0.038192 -32.495762 -0.078214 0.996677 -0.022764 93.145500 -0.039865 0.019689 0.999011 20.234829 0.000000 0.000000 0.000000 1.000000
0.994854 0.090819 0.044905 -33.768608 -0.089577 0.995559 -0.028936 90.754517 -0.047334 0.024765 0.998572 19.260912 0.000000 0.000000 0.000000 1.000000
0.995312 0.093303 0.025457 -35.210075 -0.092269 0.994964 -0.039150 87.911644 -0.028982 0.036617 0.998909 18.043932 0.000000 0.000000 0.000000 1.000000
0.996020 0.089113 -0.001928 -36.143299 -0.089082 0.994472 -0.055593 84.698669 -0.003037 0.055543 0.998452 17.084637 0.000000 0.000000 0.000000 1.000000
0.995784 0.091446 -0.007149 -36.053864 -0.091722 0.993358 -0.069477 81.854866 0.000748 0.069840 0.997558 16.692022 0.000000 0.000000 0.000000 1.000000
0.993101 0.113525 0.029384 -35.808979 -0.111266 0.991351 -0.069591 81.441444 -0.037030 0.065841 0.997143 16.663404 0.000000 0.000000 0.000000 1.000000
0.984158 0.148456 0.096917 -35.598351 -0.143059 0.987865 -0.060480 83.243523 -0.104720 0.045657 0.993453 17.011677 0.000000 0.000000 0.000000 1.000000
