<?xml version="1.0" encoding="utf-8"?>
<COLLADA xmlns="http://www.collada.org/2005/11/COLLADASchema" version="1.4.1">
  <asset><contributor><author>Mixamo</author><authoring_tool>COLLADA Mixamo exporter</authoring_tool><comments></comments></contributor><created>2017-03-27T20:55:37Z</created><modified>2017-03-27T20:55:37Z</modified><revision></revision><title></title><unit meter="0.010000"/><up_axis>Y_UP</up_axis></asset>
  <library_animations>
    <animation id="newVegas_Hips-anim" name="newVegas_Hips"><source id="newVegas_Hips-Matrix-animation-input"><float_array id="newVegas_Hips-Matrix-animation-input-array" count="251">

0.000000 0.033333 0.066667 0.100000 0.133333 0.166667 0.200000 0.233333 0.266667 0.300000 0.333333 0.366667 0.400000 0.433333 0.466667 0.500000
0.533333 0.566667 0.600000 0.633333 0.666667 0.700000 0.733333 0.766667 0.800000 0.833333 0.866667 0.900000 0.933333 0.966667 1.000000 1.033333
1.066667 1.100000 1.133333 1.166667 1.200000 1.233333 1.266667 1.300000 1.333333 1.366667 1.400000 1.433333 1.466667 1.500000 1.533333 1.566667
1.600000 1.633333 1.666667 1.700000 1.733333 1.766667 1.800000 1.833333 1.866667 1.900000 1.933333 1.966667 2.000000 2.033333 2.066667 2.100000
2.133333 2.166667 2.200000 2.233333 2.266667 2.300000 2.333333 2.366667 2.400000 2.433333 2.466667 2.500000 2.533333 2.566667 2.600000 2.633333
2.666667 2.700000 2.733333 2.766667 2.800000 2.833333 2.866667 2.900000 2.933333 2.966667 3.000000 3.033333 3.066667 3.100000 3.133333 3.166667
3.200000 3.233333 3.266667 3.300000 3.333333 3.366667 3.400000 3.433333 3.466667 3.500000 3.533333 3.566667 3.600000 3.633333 3.666667 3.700000
3.733333 3.766667 3.800000 3.833333 3.866667 3.900000 3.933333 3.966667 4.000000 4.033333 4.066667 4.100000 4.133333 4.166667 4.200000 4.233333
4.266667 4.300000 4.333333 4.366667 4.400000 4.433333 4.466667 4.500000 4.533333 4.566667 4.600000 4.633333 4.666667 4.700000 4.733333 4.766667
4.800000 4.833333 4.866667 4.900000 4.933333 4.966667 5.000000 5.033333 5.066667 5.100000 5.133333 5.166667 5.200000 5.233333 5.266667 5.300000
5.333333 5.366667 5.400000 5.433333 5.466667 5.500000 5.533333 5.566667 5.600000 5.633333 5.666667 5.700000 5.733333 5.766667 5.800000 5.833333
5.866667 5.900000 5.933333 5.966667 6.000000 6.033333 6.066667 6.100000 6.133333 6.166667 6.200000 6.233333 6.266667 6.300000 6.333333 6.366667
6.400000 6.433333 6.466667 6.500000 6.533333 6.566667 6.600000 6.633333 6.666667 6.700000 6.733333 6.766667 6.800000 6.833333 6.866667 6.900000
6.933333 6.966667 7.000000 7.033333 7.066667 7.100000 7.133333 7.166667 7.200000 7.233333 7.266667 7.300000 7.333333 7.366667 7.400000 7.433333
7.466667 7.500000 7.533333 7.566667 7.600000 7.633333 7.666667 7.700000 7.733333 7.766667 7.800000 7.833333 7.866667 7.900000 7.933333 7.966667
8.000000 8.033333 8.066667 8.100000 8.133333 8.166667 8.200000 8.233333 8.266667 8.300000 8.333333</float_array><technique_common><accessor source="#newVegas_Hips-Matrix-animation-input-array" count="251"><param name="TIME" type="float"/></accessor></technique_common></source><source id="newVegas_Hips-Matrix-animation-output-transform"><float_array id="newVegas_Hips-Matrix-animation-output-transform-array" count="4016">

0.994308 0.055096 -0.091188 0.047616 -0.049247 0.996656 0.065198 95.253677 0.094476 -0.060336 0.993697 4.395752 0.000000 0.000000 0.000000 1.000000
0.994311 0.055095 -0.091165 0.048622 -0.049277 0.996675 0.064889 95.253296 0.094437 -0.060028 0.993719 4.397583 0.000000 0.000000 0.000000 1.000000
0.994297 0.055090 -0.091317 0.049149 -0.049284 0.996690 0.064661 95.254639 0.094577 -0.059792 0.993720 4.402669 0.000000 0.000000 0.000000 1.000000
0.994278 0.055068 -0.091536 0.049928 -0.049265 0.996702 0.064488 95.256317 0.094785 -0.059610 0.993711 4.409987 0.000000 0.000000 0.000000 1.000000
0.994245 0.055078 -0.091886 0.050181 -0.049263 0.996708 0.064398 95.258888 0.095131 -0.059501 0.993685 4.418496 0.000000 0.000000 0.000000 1.000000
0.994189 0.055121 -0.092462 0.049159 -0.049276 0.996710 0.064357 95.262764 0.095705 -0.059427 0.993634 4.427370 0.000000 0.000000 0.000000 1.000000
0.994117 0.055164 -0.093206 0.047304 -0.049282 0.996715 0.064277 95.266769 0.096446 -0.059305 0.993570 4.435895 0.000000 0.000000 0.000000 1.000000
0.994044 0.055204 -0.093966 0.045232 -0.049288 0.996722 0.064162 95.268448 0.097200 -0.059148 0.993506 4.443789 0.000000 0.000000 0.000000 1.000000
0.993971 0.055268 -0.094690 0.042988 -0.049314 0.996724 0.064105 95.268105 0.097923 -0.059049 0.993441 4.451501 0.000000 0.000000 0.000000 1.000000
0.993896 0.055368 -0.095422 0.040958 -0.049371 0.996721 0.064106 95.269707 0.098658 -0.059003 0.993371 4.459826 0.000000 0.000000 0.000000 1.000000
0.993819 0.055489 -0.096150 0.039990 -0.049457 0.996722 0.064025 95.275101 0.099388 -0.058874 0.993306 4.468805 0.000000 0.000000 0.000000 1.000000
0.993745 0.055595 -0.096854 0.039776 -0.049545 0.996733 0.063786 95.280754 0.100084 -0.058588 0.993253 4.477677 0.000000 0.000000 0.000000 1.000000
0.993675 0.055660 -0.097529 0.038953 -0.049602 0.996750 0.063473 95.281807 0.100745 -0.058233 0.993207 4.485768 0.000000 0.000000 0.000000 1.000000
0.993613 0.055720 -0.098129 0.037174 -0.049655 0.996765 0.063199 95.279610 0.101333 -0.057923 0.993165 4.493114 0.000000 0.000000 0.000000 1.000000
0.993556 0.055823 -0.098641 0.034244 -0.049748 0.996772 0.063008 95.277458 0.101840 -0.057694 0.993126 4.500090 0.000000 0.000000 0.000000 1.000000
0.993499 0.055988 -0.099117 0.029183 -0.049900 0.996774 0.062868 95.276878 0.102317 -0.057514 0.993088 4.506639 0.000000 0.000000 0.000000 1.000000
0.993448 0.056178 -0.099524 0.021683 -0.050087 0.996776 0.062682 95.275787 0.102725 -0.057287 0.993059 4.512315 0.000000 0.000000 0.000000 1.000000
0.993416 0.056331 -0.099759 0.013225 -0.050260 0.996787 0.062359 95.272591 0.102951 -0.056934 0.993056 4.517712 0.000000 0.000000 0.000000 1.000000
0.993402 0.056428 -0.099843 0.005219 -0.050396 0.996807 0.061942 95.268631 0.103020 -0.056502 0.993073 4.524199 0.000000 0.000000 0.000000 1.000000
0.993389 0.056518 -0.099918 -0.002377 -0.050521 0.996824 0.061565 95.266800 0.103080 -0.056110 0.993089 4.532060 0.000000 0.000000 0.000000 1.000000
0.993373 0.056628 -0.100013 -0.010569 -0.050655 0.996834 0.061287 95.267220 0.103167 -0.055815 0.993097 4.540421 0.000000 0.000000 0.000000 1.000000
0.993368 0.056716 -0.100016 -0.019520 -0.050773 0.996845 0.061002 95.267723 0.103160 -0.055520 0.993114 4.549498 0.000000 0.000000 0.000000 1.000000
0.993379 0.056732 -0.099898 -0.028912 -0.050841 0.996869 0.060562 95.265854 0.103021 -0.055083 0.993153 4.560243 0.000000 0.000000 0.000000 1.000000
0.993387 0.056704 -0.099836 -0.038396 -0.050873 0.996901 0.060006 95.262543 0.102929 -0.054531 0.993193 4.573351 0.000000 0.000000 0.000000 1.000000
0.993375 0.056690 -0.099961 -0.047574 -0.050902 0.996928 0.059526 95.262497 0.103029 -0.054044 0.993209 4.589595 0.000000 0.000000 0.000000 1.000000
0.993357 0.056641 -0.100163 -0.056219 -0.050875 0.996948 0.059215 95.265327 0.103212 -0.053725 0.993207 4.608812 0.000000 0.000000 0.000000 1.000000
0.993354 0.056499 -0.100277 -0.063804 -0.050745 0.996966 0.059028 95.268608 0.103308 -0.053547 0.993207 4.629684 0.000000 0.000000 0.000000 1.000000
0.993368 0.056266 -0.100268 -0.070988 -0.050520 0.996982 0.058950 95.266914 0.103283 -0.053494 0.993213 4.649679 0.000000 0.000000 0.000000 1.000000
0.993395 0.056009 -0.100145 -0.078251 -0.050262 0.996991 0.059018 95.261795 0.103149 -0.053595 0.993221 4.668037 0.000000 0.000000 0.000000 1.000000
0.993431 0.055770 -0.099923 -0.086122 -0.050014 0.996992 0.059215 95.258430 0.102924 -0.053829 0.993232 4.686869 0.000000 0.000000 0.000000 1.000000
0.993463 0.055558 -0.099718 -0.096021 -0.049782 0.996986 0.059510 95.258820 0.102724 -0.054157 0.993235 4.708798 0.000000 0.000000 0.000000 1.000000
0.993478 0.055386 -0.099671 -0.108757 -0.049570 0.996972 0.059917 95.261101 0.102688 -0.054586 0.993215 4.733756 0.000000 0.000000 0.000000 1.000000
0.993481 0.055252 -0.099718 -0.122802 -0.049381 0.996951 0.060409 95.262840 0.102751 -0.055091 0.993180 4.758908 0.000000 0.000000 0.000000 1.000000
0.993492 0.055127 -0.099676 -0.135667 -0.049208 0.996930 0.060903 95.263229 0.102728 -0.055602 0.993154 4.781698 0.000000 0.000000 0.000000 1.000000
0.993515 0.054998 -0.099515 -0.146955 -0.049038 0.996909 0.061375 95.263168 0.102583 -0.056097 0.993141 4.801363 0.000000 0.000000 0.000000 1.000000
0.993550 0.054837 -0.099253 -0.157479 -0.048840 0.996889 0.061870 95.262474 0.102337 -0.056623 0.993137 4.817527 0.000000 0.000000 0.000000 1.000000
0.993605 0.054626 -0.098822 -0.167132 -0.048597 0.996866 0.062421 95.261696 0.101922 -0.057219 0.993145 4.830457 0.000000 0.000000 0.000000 1.000000
0.993686 0.054346 -0.098154 -0.175277 -0.048298 0.996845 0.062981 95.260963 0.101267 -0.057843 0.993176 4.841132 0.000000 0.000000 0.000000 1.000000
0.993792 0.053981 -0.097283 -0.181531 -0.047932 0.996831 0.063479 95.260460 0.100402 -0.058422 0.993230 4.850106 0.000000 0.000000 0.000000 1.000000
0.993913 0.053538 -0.096289 -0.185949 -0.047505 0.996825 0.063893 95.259842 0.099404 -0.058930 0.993301 4.856288 0.000000 0.000000 0.000000 1.000000
0.994045 0.053080 -0.095169 -0.189286 -0.047080 0.996824 0.064226 95.257668 0.098275 -0.059363 0.993387 4.858456 0.000000 0.000000 0.000000 1.000000
0.994189 0.052677 -0.093875 -0.193110 -0.046728 0.996824 0.064485 95.252457 0.096973 -0.059723 0.993493 4.857439 0.000000 0.000000 0.000000 1.000000
0.994341 0.052325 -0.092458 -0.198091 -0.046439 0.996823 0.064704 95.244781 0.095550 -0.060044 0.993612 4.854836 0.000000 0.000000 0.000000 1.000000
0.994488 0.051981 -0.091060 -0.203925 -0.046156 0.996821 0.064949 95.237335 0.094147 -0.060388 0.993725 4.851294 0.000000 0.000000 0.000000 1.000000
0.994621 0.051640 -0.089796 -0.211184 -0.045864 0.996815 0.065234 95.231796 0.092878 -0.060765 0.993822 4.846827 0.000000 0.000000 0.000000 1.000000
0.994735 0.051328 -0.088700 -0.220796 -0.045595 0.996811 0.065490 95.227386 0.091779 -0.061101 0.993903 4.842048 0.000000 0.000000 0.000000 1.000000
0.994832 0.051047 -0.087771 -0.232861 -0.045353 0.996809 0.065683 95.222618 0.090844 -0.061363 0.993973 4.838399 0.000000 0.000000 0.000000 1.000000
0.994911 0.050789 -0.087017 -0.246737 -0.045125 0.996808 0.065865 95.218765 0.090085 -0.061603 0.994027 4.836769 0.000000 0.000000 0.000000 1.000000
0.994972 0.050565 -0.086451 -0.262926 -0.044917 0.996804 0.066065 95.217186 0.089515 -0.061850 0.994063 4.836422 0.000000 0.000000 0.000000 1.000000
0.995018 0.050382 -0.086030 -0.281456 -0.044746 0.996800 0.066235 95.216179 0.089092 -0.062056 0.994088 4.836274 0.000000 0.000000 0.000000 1.000000
0.995055 0.050231 -0.085693 -0.300214 -0.044610 0.996802 0.066294 95.214508 0.088749 -0.062143 0.994114 4.836295 0.000000 0.000000 0.000000 1.000000
0.995081 0.050084 -0.085466 -0.317153 -0.044483 0.996812 0.066235 95.212662 0.088511 -0.062107 0.994137 4.837512 0.000000 0.000000 0.000000 1.000000
0.995090 0.049930 -0.085456 -0.333036 -0.044336 0.996824 0.066157 95.211174 0.088487 -0.062043 0.994143 4.840830 0.000000 0.000000 0.000000 1.000000
0.995076 0.049787 -0.085704 -0.348763 -0.044179 0.996832 0.066143 95.210770 0.088726 -0.062031 0.994123 4.846645 0.000000 0.000000 0.000000 1.000000
0.995048 0.049656 -0.086109 -0.363222 -0.044017 0.996835 0.066199 95.211700 0.089124 -0.062081 0.994084 4.854637 0.000000 0.000000 0.000000 1.000000
0.995019 0.049518 -0.086518 -0.375318 -0.043843 0.996836 0.066299 95.213478 0.089527 -0.062176 0.994042 4.863676 0.000000 0.000000 0.000000 1.000000
0.994995 0.049369 -0.086878 -0.385473 -0.043661 0.996836 0.066421 95.215103 0.089883 -0.062295 0.994002 4.872695 0.000000 0.000000 0.000000 1.000000
0.994971 0.049228 -0.087235 -0.394375 -0.043483 0.996833 0.066578 95.216019 0.090236 -0.062449 0.993961 4.881717 0.000000 0.000000 0.000000 1.000000
0.994942 0.049114 -0.087630 -0.401798 -0.043325 0.996826 0.066785 95.216476 0.090632 -0.062650 0.993912 4.891063 0.000000 0.000000 0.000000 1.000000
0.994905 0.049035 -0.088086 -0.408051 -0.043195 0.996816 0.067024 95.216988 0.091092 -0.062877 0.993855 4.900274 0.000000 0.000000 0.000000 1.000000
0.994861 0.048984 -0.088609 -0.413896 -0.043088 0.996803 0.067278 95.217590 0.091621 -0.063115 0.993792 4.908902 0.000000 0.000000 0.000000 1.000000
0.994817 0.048952 -0.089123 -0.419622 -0.042998 0.996789 0.067547 95.217613 0.092144 -0.063365 0.993728 4.917029 0.000000 0.000000 0.000000 1.000000
0.994781 0.048956 -0.089526 -0.424922 -0.042951 0.996772 0.067824 95.217056 0.092558 -0.063625 0.993672 4.925164 0.000000 0.000000 0.000000 1.000000
0.994749 0.049010 -0.089845 -0.429232 -0.042956 0.996752 0.068116 95.216934 0.092892 -0.063899 0.993624 4.933261 0.000000 0.000000 0.000000 1.000000
0.994713 0.049088 -0.090197 -0.431730 -0.042982 0.996729 0.068441 95.217682 0.093261 -0.064203 0.993570 4.940114 0.000000 0.000000 0.000000 1.000000
0.994678 0.049180 -0.090532 -0.432130 -0.043017 0.996701 0.068819 95.219360 0.093618 -0.064558 0.993513 4.945666 0.000000 0.000000 0.000000 1.000000
0.994660 0.049302 -0.090669 -0.430885 -0.043088 0.996668 0.069258 95.221718 0.093781 -0.064982 0.993470 4.951687 0.000000 0.000000 0.000000 1.000000
0.994662 0.049450 -0.090564 -0.428767 -0.043198 0.996629 0.069741 95.223534 0.093707 -0.065457 0.993446 4.958582 0.000000 0.000000 0.000000 1.000000
0.994674 0.049599 -0.090349 -0.425944 -0.043315 0.996590 0.070228 95.223907 0.093524 -0.065940 0.993431 4.964412 0.000000 0.000000 0.000000 1.000000
0.994688 0.049730 -0.090122 -0.422595 -0.043418 0.996553 0.070694 95.223404 0.093327 -0.066406 0.993419 4.968050 0.000000 0.000000 0.000000 1.000000
0.994711 0.049843 -0.089813 -0.419414 -0.043509 0.996516 0.071156 95.222443 0.093046 -0.066872 0.993414 4.970656 0.000000 0.000000 0.000000 1.000000
0.994753 0.049947 -0.089288 -0.417201 -0.043602 0.996476 0.071652 95.220459 0.092552 -0.067383 0.993425 4.974129 0.000000 0.000000 0.000000 1.000000
0.994815 0.050028 -0.088546 -0.415828 -0.043682 0.996432 0.072218 95.217010 0.091843 -0.067976 0.993451 4.978597 0.000000 0.000000 0.000000 1.000000
0.994886 0.050070 -0.087716 -0.414414 -0.043722 0.996383 0.072859 95.212776 0.091047 -0.068651 0.993477 4.982358 0.000000 0.000000 0.000000 1.000000
0.994960 0.050076 -0.086869 -0.413451 -0.043725 0.996334 0.073530 95.208267 0.090232 -0.069361 0.993502 4.984498 0.000000 0.000000 0.000000 1.000000
0.995039 0.050063 -0.085967 -0.414630 -0.043718 0.996288 0.074160 95.203400 0.089361 -0.070034 0.993534 4.986029 0.000000 0.000000 0.000000 1.000000
0.995124 0.050035 -0.084995 -0.418907 -0.043710 0.996246 0.074718 95.197845 0.088415 -0.070639 0.993576 4.988122 0.000000 0.000000 0.000000 1.000000
0.995216 0.049977 -0.083951 -0.426626 -0.043685 0.996212 0.075188 95.191711 0.087391 -0.071161 0.993629 4.991752 0.000000 0.000000 0.000000 1.000000
0.995315 0.049876 -0.082832 -0.437378 -0.043634 0.996188 0.075531 95.186462 0.086283 -0.071563 0.993697 4.998063 0.000000 0.000000 0.000000 1.000000
0.995412 0.049750 -0.081728 -0.449547 -0.043571 0.996177 0.075720 95.184120 0.085183 -0.071812 0.993774 5.007062 0.000000 0.000000 0.000000 1.000000
0.995494 0.049641 -0.080795 -0.462723 -0.043522 0.996172 0.075806 95.183815 0.084249 -0.071948 0.993844 5.017812 0.000000 0.000000 0.000000 1.000000
0.995550 0.049555 -0.080147 -0.477132 -0.043476 0.996167 0.075897 95.183846 0.083601 -0.072075 0.993889 5.030055 0.000000 0.000000 0.000000 1.000000
0.995586 0.049443 -0.079776 -0.492205 -0.043377 0.996159 0.076062 95.183640 0.083230 -0.072266 0.993907 5.043958 0.000000 0.000000 0.000000 1.000000
0.995611 0.049271 -0.079569 -0.507898 -0.043201 0.996149 0.076293 95.183090 0.083022 -0.072520 0.993906 5.059224 0.000000 0.000000 0.000000 1.000000
0.995634 0.049070 -0.079400 -0.525709 -0.042990 0.996139 0.076549 95.182083 0.082849 -0.072801 0.993899 5.075687 0.000000 0.000000 0.000000 1.000000
0.995660 0.048901 -0.079181 -0.546703 -0.042817 0.996127 0.076791 95.181259 0.082629 -0.073068 0.993898 5.093486 0.000000 0.000000 0.000000 1.000000
0.995687 0.048770 -0.078918 -0.569427 -0.042689 0.996117 0.076995 95.180389 0.082367 -0.073294 0.993903 5.112105 0.000000 0.000000 0.000000 1.000000
0.995710 0.048625 -0.078719 -0.590785 -0.042544 0.996110 0.077167 95.179550 0.082165 -0.073487 0.993906 5.130621 0.000000 0.000000 0.000000 1.000000
0.995722 0.048439 -0.078681 -0.609328 -0.042347 0.996106 0.077333 95.179962 0.082121 -0.073670 0.993896 5.149049 0.000000 0.000000 0.000000 1.000000
0.995722 0.048244 -0.078809 -0.626175 -0.042130 0.996103 0.077489 95.182503 0.082240 -0.073837 0.993874 5.168396 0.000000 0.000000 0.000000 1.000000
0.995711 0.048072 -0.079047 -0.642465 -0.041929 0.996102 0.077611 95.186050 0.082470 -0.073964 0.993845 5.188137 0.000000 0.000000 0.000000 1.000000
0.995694 0.047901 -0.079368 -0.656739 -0.041723 0.996099 0.077750 95.188446 0.082783 -0.074104 0.993809 5.204876 0.000000 0.000000 0.000000 1.000000
0.995673 0.047711 -0.079748 -0.667281 -0.041484 0.996090 0.078003 95.189140 0.083158 -0.074357 0.993758 5.215468 0.000000 0.000000 0.000000 1.000000
0.995654 0.047535 -0.080089 -0.674460 -0.041250 0.996070 0.078382 95.190292 0.083501 -0.074738 0.993701 5.220428 0.000000 0.000000 0.000000 1.000000
0.995640 0.047401 -0.080334 -0.678960 -0.041066 0.996047 0.078760 95.194244 0.083750 -0.075118 0.993651 5.221744 0.000000 0.000000 0.000000 1.000000
0.995630 0.047265 -0.080540 -0.679804 -0.040898 0.996039 0.078951 95.200562 0.083952 -0.075312 0.993620 5.220237 0.000000 0.000000 0.000000 1.000000
0.995621 0.047072 -0.080769 -0.675719 -0.040694 0.996054 0.078868 95.206482 0.084163 -0.075236 0.993608 5.215698 0.000000 0.000000 0.000000 1.000000
0.995612 0.046820 -0.081018 -0.667163 -0.040448 0.996087 0.078585 95.209572 0.084381 -0.074963 0.993610 5.207049 0.000000 0.000000 0.000000 1.000000
0.995605 0.046558 -0.081254 -0.656310 -0.040199 0.996126 0.078216 95.210083 0.084581 -0.074606 0.993620 5.193675 0.000000 0.000000 0.000000 1.000000
0.995601 0.046320 -0.081446 -0.645146 -0.039980 0.996165 0.077821 95.209946 0.084739 -0.074222 0.993635 5.177131 0.000000 0.000000 0.000000 1.000000
0.995598 0.046112 -0.081600 -0.634159 -0.039793 0.996203 0.077429 95.210968 0.084861 -0.073841 0.993653 5.159309 0.000000 0.000000 0.000000 1.000000
0.995593 0.045927 -0.081767 -0.622795 -0.039626 0.996236 0.077091 95.212944 0.085000 -0.073511 0.993665 5.140790 0.000000 0.000000 0.000000 1.000000
0.995584 0.045759 -0.081973 -0.610246 -0.039465 0.996264 0.076821 95.215462 0.085182 -0.073247 0.993669 5.122416 0.000000 0.000000 0.000000 1.000000
0.995572 0.045601 -0.082201 -0.596281 -0.039312 0.996289 0.076562 95.218727 0.085387 -0.072992 0.993671 5.105556 0.000000 0.000000 0.000000 1.000000
0.995558 0.045472 -0.082444 -0.581746 -0.039192 0.996318 0.076256 95.223022 0.085608 -0.072686 0.993674 5.090278 0.000000 0.000000 0.000000 1.000000
0.995538 0.045400 -0.082723 -0.568062 -0.039131 0.996347 0.075899 95.227280 0.085867 -0.072324 0.993678 5.074968 0.000000 0.000000 0.000000 1.000000
0.995512 0.045370 -0.083053 -0.555815 -0.039111 0.996379 0.075493 95.230156 0.086177 -0.071906 0.993682 5.059031 0.000000 0.000000 0.000000 1.000000
0.995484 0.045317 -0.083414 -0.543961 -0.039075 0.996418 0.075000 95.232597 0.086514 -0.071402 0.993689 5.044408 0.000000 0.000000 0.000000 1.000000
0.995457 0.045240 -0.083781 -0.530748 -0.039024 0.996465 0.074400 95.236526 0.086850 -0.070792 0.993703 5.032454 0.000000 0.000000 0.000000 1.000000
0.995428 0.045203 -0.084138 -0.516006 -0.039019 0.996513 0.073746 95.241272 0.087178 -0.070126 0.993721 5.021866 0.000000 0.000000 0.000000 1.000000
0.995399 0.045231 -0.084474 -0.500882 -0.039078 0.996557 0.073123 95.246010 0.087491 -0.069485 0.993739 5.012459 0.000000 0.000000 0.000000 1.000000
0.995369 0.045249 -0.084811 -0.485470 -0.039119 0.996593 0.072603 95.252129 0.087807 -0.068949 0.993748 5.007445 0.000000 0.000000 0.000000 1.000000
0.995338 0.045175 -0.085212 -0.468979 -0.039049 0.996622 0.072247 95.260498 0.088188 -0.068582 0.993740 5.008604 0.000000 0.000000 0.000000 1.000000
0.995302 0.045034 -0.085709 -0.451797 -0.038887 0.996640 0.072085 95.269096 0.088668 -0.068414 0.993709 5.012815 0.000000 0.000000 0.000000 1.000000
0.995262 0.044926 -0.086222 -0.435777 -0.038741 0.996644 0.072117 95.275764 0.089173 -0.068435 0.993662 5.016051 0.000000 0.000000 0.000000 1.000000
0.995230 0.044905 -0.086611 -0.422421 -0.038676 0.996633 0.072297 95.280586 0.089566 -0.068602 0.993616 5.017855 0.000000 0.000000 0.000000 1.000000
0.995211 0.044924 -0.086814 -0.411312 -0.038660 0.996616 0.072539 95.284622 0.089779 -0.068835 0.993580 5.020556 0.000000 0.000000 0.000000 1.000000
0.995203 0.044918 -0.086910 -0.400848 -0.038625 0.996600 0.072781 95.288376 0.089883 -0.069075 0.993554 5.025353 0.000000 0.000000 0.000000 1.000000
0.995195 0.044875 -0.087023 -0.390133 -0.038552 0.996585 0.073022 95.292381 0.090003 -0.069316 0.993526 5.031327 0.000000 0.000000 0.000000 1.000000
0.995180 0.044840 -0.087213 -0.379743 -0.038483 0.996570 0.073261 95.297295 0.090199 -0.069551 0.993492 5.037260 0.000000 0.000000 0.000000 1.000000
0.995160 0.044853 -0.087430 -0.370813 -0.038463 0.996557 0.073449 95.302254 0.090423 -0.069731 0.993459 5.042035 0.000000 0.000000 0.000000 1.000000
0.995144 0.044902 -0.087593 -0.363777 -0.038493 0.996549 0.073536 95.305016 0.090592 -0.069807 0.993438 5.044366 0.000000 0.000000 0.000000 1.000000
0.995133 0.044955 -0.087686 -0.357677 -0.038541 0.996549 0.073517 95.306053 0.090689 -0.069779 0.993432 5.044192 0.000000 0.000000 0.000000 1.000000
0.995126 0.045002 -0.087749 -0.351564 -0.038592 0.996554 0.073428 95.308113 0.090751 -0.069684 0.993433 5.042951 0.000000 0.000000 0.000000 1.000000
0.995119 0.045062 -0.087792 -0.345820 -0.038659 0.996559 0.073320 95.311615 0.090794 -0.069568 0.993437 5.041654 0.000000 0.000000 0.000000 1.000000
0.995116 0.045148 -0.087780 -0.341082 -0.038755 0.996563 0.073220 95.315300 0.090784 -0.069460 0.993445 5.040683 0.000000 0.000000 0.000000 1.000000
0.995116 0.045244 -0.087731 -0.337531 -0.038865 0.996567 0.073107 95.318680 0.090738 -0.069340 0.993458 5.040776 0.000000 0.000000 0.000000 1.000000
0.995113 0.045334 -0.087724 -0.334982 -0.038971 0.996575 0.072941 95.321487 0.090731 -0.069166 0.993471 5.042185 0.000000 0.000000 0.000000 1.000000
0.995102 0.045432 -0.087791 -0.333417 -0.039084 0.996586 0.072725 95.322098 0.090795 -0.068937 0.993481 5.043804 0.000000 0.000000 0.000000 1.000000
0.995089 0.045566 -0.087869 -0.333142 -0.039231 0.996595 0.072524 95.319206 0.090875 -0.068721 0.993488 5.044189 0.000000 0.000000 0.000000 1.000000
0.995081 0.045736 -0.087874 -0.334746 -0.039414 0.996598 0.072384 95.314026 0.090885 -0.068564 0.993498 5.043387 0.000000 0.000000 0.000000 1.000000
0.995081 0.045917 -0.087782 -0.338802 -0.039610 0.996597 0.072292 95.308815 0.090803 -0.068460 0.993513 5.042633 0.000000 0.000000 0.000000 1.000000
0.995085 0.046093 -0.087639 -0.344583 -0.039800 0.996593 0.072244 95.304977 0.090670 -0.068401 0.993529 5.043293 0.000000 0.000000 0.000000 1.000000
0.995089 0.046260 -0.087513 -0.350548 -0.039978 0.996586 0.072232 95.302010 0.090555 -0.068378 0.993541 5.045783 0.000000 0.000000 0.000000 1.000000
0.995086 0.046415 -0.087456 -0.356421 -0.040139 0.996582 0.072197 95.298813 0.090508 -0.068332 0.993549 5.049843 0.000000 0.000000 0.000000 1.000000
0.995077 0.046548 -0.087488 -0.363805 -0.040280 0.996584 0.072090 95.294205 0.090545 -0.068211 0.993554 5.054723 0.000000 0.000000 0.000000 1.000000
0.995062 0.046666 -0.087596 -0.373943 -0.040409 0.996594 0.071888 95.287186 0.090652 -0.067994 0.993559 5.058833 0.000000 0.000000 0.000000 1.000000
0.995042 0.046799 -0.087761 -0.386050 -0.040560 0.996610 0.071581 95.279747 0.090814 -0.067667 0.993566 5.061512 0.000000 0.000000 0.000000 1.000000
0.995014 0.046974 -0.087980 -0.397969 -0.040755 0.996629 0.071198 95.275604 0.091028 -0.067257 0.993574 5.064390 0.000000 0.000000 0.000000 1.000000
0.994978 0.047177 -0.088284 -0.409016 -0.040974 0.996649 0.070797 95.275818 0.091328 -0.066824 0.993576 5.069620 0.000000 0.000000 0.000000 1.000000
0.994933 0.047359 -0.088687 -0.420025 -0.041167 0.996669 0.070394 95.276756 0.091725 -0.066386 0.993569 5.077340 0.000000 0.000000 0.000000 1.000000
0.994886 0.047481 -0.089151 -0.430853 -0.041296 0.996693 0.069982 95.274338 0.092179 -0.065942 0.993557 5.085747 0.000000 0.000000 0.000000 1.000000
0.994841 0.047560 -0.089611 -0.440651 -0.041380 0.996716 0.069608 95.269371 0.092628 -0.065541 0.993541 5.093900 0.000000 0.000000 0.000000 1.000000
0.994802 0.047624 -0.090006 -0.449780 -0.041445 0.996733 0.069326 95.264961 0.093013 -0.065235 0.993526 5.102583 0.000000 0.000000 0.000000 1.000000
0.994771 0.047675 -0.090316 -0.458551 -0.041496 0.996746 0.069099 95.262077 0.093316 -0.064990 0.993513 5.112463 0.000000 0.000000 0.000000 1.000000
0.994745 0.047690 -0.090594 -0.466691 -0.041518 0.996764 0.068834 95.260254 0.093584 -0.064711 0.993506 5.123475 0.000000 0.000000 0.000000 1.000000
0.994717 0.047653 -0.090926 -0.474020 -0.041492 0.996788 0.068493 95.258865 0.093898 -0.064359 0.993499 5.135505 0.000000 0.000000 0.000000 1.000000
0.994682 0.047573 -0.091345 -0.480649 -0.041420 0.996817 0.068117 95.257629 0.094295 -0.063971 0.993487 5.148273 0.000000 0.000000 0.000000 1.000000
0.994645 0.047480 -0.091796 -0.486660 -0.041333 0.996846 0.067743 95.256111 0.094723 -0.063586 0.993471 5.160486 0.000000 0.000000 0.000000 1.000000
0.994613 0.047407 -0.092179 -0.492272 -0.041272 0.996875 0.067363 95.254662 0.095085 -0.063196 0.993461 5.170780 0.000000 0.000000 0.000000 1.000000
0.994591 0.047364 -0.092444 -0.498010 -0.041252 0.996903 0.066947 95.253342 0.095329 -0.062772 0.993465 5.179291 0.000000 0.000000 0.000000 1.000000
0.994575 0.047323 -0.092633 -0.504066 -0.041242 0.996934 0.066491 95.250763 0.095496 -0.062310 0.993478 5.187552 0.000000 0.000000 0.000000 1.000000
0.994559 0.047255 -0.092836 -0.509240 -0.041203 0.996964 0.066064 95.247650 0.095676 -0.061879 0.993487 5.197286 0.000000 0.000000 0.000000 1.000000
0.994539 0.047168 -0.093096 -0.512160 -0.041130 0.996988 0.065746 95.246765 0.095916 -0.061558 0.993484 5.208933 0.000000 0.000000 0.000000 1.000000
0.994515 0.047098 -0.093390 -0.513011 -0.041061 0.997004 0.065548 95.248962 0.096197 -0.061353 0.993470 5.221074 0.000000 0.000000 0.000000 1.000000
0.994489 0.047060 -0.093687 -0.513331 -0.041014 0.997013 0.065442 95.251122 0.096487 -0.061239 0.993449 5.231962 0.000000 0.000000 0.000000 1.000000
0.994465 0.047028 -0.093959 -0.513747 -0.040965 0.997015 0.065447 95.251175 0.096756 -0.061236 0.993423 5.241775 0.000000 0.000000 0.000000 1.000000
0.994448 0.046984 -0.094157 -0.514075 -0.040894 0.997008 0.065596 95.249451 0.096957 -0.061381 0.993394 5.251308 0.000000 0.000000 0.000000 1.000000
0.994440 0.046952 -0.094256 -0.514563 -0.040830 0.996993 0.065857 95.247070 0.097064 -0.061642 0.993367 5.260118 0.000000 0.000000 0.000000 1.000000
0.994434 0.046973 -0.094306 -0.515427 -0.040817 0.996973 0.066175 95.245689 0.097129 -0.061958 0.993341 5.268111 0.000000 0.000000 0.000000 1.000000
0.994424 0.047071 -0.094364 -0.516632 -0.040877 0.996947 0.066525 95.247131 0.097207 -0.062297 0.993313 5.276301 0.000000 0.000000 0.000000 1.000000
0.994412 0.047235 -0.094411 -0.518692 -0.041004 0.996918 0.066877 95.249878 0.097279 -0.062633 0.993284 5.284513 0.000000 0.000000 0.000000 1.000000
0.994405 0.047441 -0.094386 -0.521958 -0.041179 0.996888 0.067221 95.250267 0.097281 -0.062958 0.993264 5.291073 0.000000 0.000000 0.000000 1.000000
0.994402 0.047675 -0.094300 -0.525237 -0.041381 0.996853 0.067613 95.247208 0.097227 -0.063332 0.993245 5.293798 0.000000 0.000000 0.000000 1.000000
0.994394 0.047921 -0.094259 -0.526338 -0.041584 0.996813 0.068083 95.242767 0.097221 -0.063782 0.993217 5.291000 0.000000 0.000000 0.000000 1.000000
0.994383 0.048152 -0.094256 -0.524573 -0.041771 0.996774 0.068532 95.237968 0.097252 -0.064210 0.993186 5.283016 0.000000 0.000000 0.000000 1.000000
0.994389 0.048355 -0.094087 -0.522869 -0.041953 0.996743 0.068870 95.231094 0.097110 -0.064536 0.993179 5.273479 0.000000 0.000000 0.000000 1.000000
0.994419 0.048547 -0.093670 -0.523635 -0.042145 0.996715 0.069163 95.223236 0.096720 -0.064830 0.993198 5.267091 0.000000 0.000000 0.000000 1.000000
0.994452 0.048726 -0.093224 -0.525297 -0.042316 0.996682 0.069535 95.217316 0.096303 -0.065204 0.993214 5.265536 0.000000 0.000000 0.000000 1.000000
0.994471 0.048871 -0.092945 -0.525413 -0.042431 0.996641 0.070049 95.214127 0.096056 -0.065718 0.993204 5.267946 0.000000 0.000000 0.000000 1.000000
0.994478 0.048995 -0.092802 -0.523905 -0.042498 0.996589 0.070743 95.211311 0.095952 -0.066408 0.993168 5.272429 0.000000 0.000000 0.000000 1.000000
0.994487 0.049128 -0.092645 -0.522406 -0.042558 0.996525 0.071606 95.206673 0.095841 -0.067269 0.993121 5.277133 0.000000 0.000000 0.000000 1.000000
0.994506 0.049266 -0.092362 -0.522499 -0.042623 0.996453 0.072563 95.199745 0.095609 -0.068227 0.993078 5.280734 0.000000 0.000000 0.000000 1.000000
0.994539 0.049402 -0.091937 -0.525231 -0.042695 0.996378 0.073543 95.190971 0.095237 -0.069216 0.993045 5.282226 0.000000 0.000000 0.000000 1.000000
0.994579 0.049569 -0.091407 -0.531090 -0.042807 0.996301 0.074511 95.182098 0.094763 -0.070194 0.993022 5.281655 0.000000 0.000000 0.000000 1.000000
0.994623 0.049763 -0.090822 -0.539882 -0.042961 0.996230 0.075372 95.175835 0.094230 -0.071065 0.993011 5.281240 0.000000 0.000000 0.000000 1.000000
0.994672 0.049912 -0.090197 -0.550827 -0.043097 0.996177 0.075982 95.173210 0.093645 -0.071690 0.993021 5.283086 0.000000 0.000000 0.000000 1.000000
0.994729 0.049952 -0.089551 -0.562628 -0.043153 0.996149 0.076320 95.172783 0.093018 -0.072054 0.993054 5.285470 0.000000 0.000000 0.000000 1.000000
0.994783 0.049900 -0.088972 -0.573615 -0.043127 0.996138 0.076483 95.172623 0.092445 -0.072246 0.993093 5.283807 0.000000 0.000000 0.000000 1.000000
0.994827 0.049817 -0.088524 -0.582888 -0.043073 0.996137 0.076524 95.171646 0.091995 -0.072316 0.993130 5.276088 0.000000 0.000000 0.000000 1.000000
0.994867 0.049765 -0.088113 -0.591719 -0.043057 0.996143 0.076461 95.169395 0.091578 -0.072274 0.993172 5.265296 0.000000 0.000000 0.000000 1.000000
0.994907 0.049740 -0.087664 -0.601431 -0.043077 0.996152 0.076329 95.166176 0.091124 -0.072164 0.993221 5.255278 0.000000 0.000000 0.000000 1.000000
0.994940 0.049671 -0.087339 -0.609961 -0.043044 0.996164 0.076184 95.164139 0.090788 -0.072039 0.993261 5.246243 0.000000 0.000000 0.000000 1.000000
0.994954 0.049516 -0.087268 -0.615039 -0.042907 0.996180 0.076056 95.164848 0.090700 -0.071928 0.993277 5.236938 0.000000 0.000000 0.000000 1.000000
0.994955 0.049316 -0.087360 -0.617147 -0.042711 0.996198 0.075933 95.167465 0.090772 -0.071818 0.993279 5.226521 0.000000 0.000000 0.000000 1.000000
0.994957 0.049129 -0.087451 -0.618084 -0.042532 0.996218 0.075772 95.169388 0.090843 -0.071671 0.993283 5.214168 0.000000 0.000000 0.000000 1.000000
0.994959 0.048984 -0.087502 -0.618661 -0.042402 0.996240 0.075555 95.169342 0.090874 -0.071464 0.993295 5.200117 0.000000 0.000000 0.000000 1.000000
0.994957 0.048886 -0.087583 -0.618265 -0.042318 0.996260 0.075334 95.168587 0.090938 -0.071248 0.993305 5.185875 0.000000 0.000000 0.000000 1.000000
0.994947 0.048820 -0.087738 -0.616473 -0.042255 0.996274 0.075181 95.168900 0.091081 -0.071094 0.993303 5.172249 0.000000 0.000000 0.000000 1.000000
0.994933 0.048760 -0.087926 -0.613781 -0.042190 0.996284 0.075090 95.170616 0.091260 -0.071000 0.993293 5.158851 0.000000 0.000000 0.000000 1.000000
0.994922 0.048700 -0.088088 -0.610627 -0.042129 0.996295 0.074978 95.172966 0.091413 -0.070886 0.993287 5.145422 0.000000 0.000000 0.000000 1.000000
0.994911 0.048657 -0.088229 -0.606633 -0.042091 0.996309 0.074810 95.174454 0.091544 -0.070716 0.993287 5.131589 0.000000 0.000000 0.000000 1.000000
0.994897 0.048657 -0.088386 -0.600269 -0.042093 0.996320 0.074666 95.174286 0.091694 -0.070565 0.993284 5.115431 0.000000 0.000000 0.000000 1.000000
0.994883 0.048713 -0.088510 -0.590376 -0.042146 0.996322 0.074613 95.173004 0.091819 -0.070501 0.993277 5.094537 0.000000 0.000000 0.000000 1.000000
0.994881 0.048826 -0.088476 -0.578091 -0.042265 0.996320 0.074569 95.171646 0.091791 -0.070448 0.993283 5.068626 0.000000 0.000000 0.000000 1.000000
0.994895 0.048975 -0.088239 -0.565735 -0.042446 0.996324 0.074405 95.170876 0.091559 -0.070280 0.993316 5.038768 0.000000 0.000000 0.000000 1.000000
0.994912 0.049166 -0.087932 -0.553446 -0.042684 0.996335 0.074130 95.170441 0.091254 -0.069999 0.993364 5.005632 0.000000 0.000000 0.000000 1.000000
0.994915 0.049414 -0.087763 -0.538786 -0.042971 0.996343 0.073851 95.171082 0.091091 -0.069704 0.993400 4.970402 0.000000 0.000000 0.000000 1.000000
0.994892 0.049674 -0.087873 -0.518919 -0.043245 0.996348 0.073620 95.174530 0.091209 -0.069444 0.993407 4.934778 0.000000 0.000000 0.000000 1.000000
0.994848 0.049859 -0.088275 -0.494047 -0.043422 0.996357 0.073400 95.180740 0.091613 -0.069189 0.993388 4.899076 0.000000 0.000000 0.000000 1.000000
0.994793 0.049955 -0.088829 -0.467609 -0.043500 0.996370 0.073173 95.187340 0.092162 -0.068928 0.993355 4.863043 0.000000 0.000000 0.000000 1.000000
0.994745 0.050037 -0.089323 -0.443083 -0.043564 0.996380 0.072998 95.192047 0.092652 -0.068724 0.993324 4.827752 0.000000 0.000000 0.000000 1.000000
0.994709 0.050173 -0.089645 -0.420912 -0.043688 0.996383 0.072887 95.194527 0.092978 -0.068585 0.993303 4.794198 0.000000 0.000000 0.000000 1.000000
0.994682 0.050354 -0.089846 -0.399759 -0.043869 0.996385 0.072747 95.195267 0.093184 -0.068419 0.993295 4.761519 0.000000 0.000000 0.000000 1.000000
0.994658 0.050542 -0.090001 -0.379481 -0.044073 0.996396 0.072479 95.194977 0.093339 -0.068125 0.993301 4.729167 0.000000 0.000000 0.000000 1.000000
0.994636 0.050715 -0.090150 -0.360274 -0.044273 0.996416 0.072076 95.195457 0.093482 -0.067699 0.993317 4.698163 0.000000 0.000000 0.000000 1.000000
0.994611 0.050866 -0.090340 -0.341768 -0.044454 0.996441 0.071617 95.198112 0.093661 -0.067215 0.993333 4.669451 0.000000 0.000000 0.000000 1.000000
0.994580 0.050995 -0.090615 -0.323487 -0.044605 0.996464 0.071205 95.202515 0.093926 -0.066778 0.993337 4.642424 0.000000 0.000000 0.000000 1.000000
0.994540 0.051114 -0.090982 -0.305141 -0.044729 0.996480 0.070895 95.207069 0.094285 -0.066439 0.993326 4.615194 0.000000 0.000000 0.000000 1.000000
0.994494 0.051246 -0.091405 -0.286572 -0.044857 0.996493 0.070635 95.211166 0.094705 -0.066146 0.993305 4.586396 0.000000 0.000000 0.000000 1.000000
0.994445 0.051407 -0.091846 -0.267800 -0.045021 0.996510 0.070299 95.215477 0.095139 -0.065773 0.993289 4.556790 0.000000 0.000000 0.000000 1.000000
0.994396 0.051570 -0.092291 -0.248830 -0.045204 0.996537 0.069797 95.220070 0.095571 -0.065234 0.993283 4.528274 0.000000 0.000000 0.000000 1.000000
0.994347 0.051680 -0.092756 -0.228864 -0.045345 0.996574 0.069161 95.225464 0.096012 -0.064564 0.993284 4.501961 0.000000 0.000000 0.000000 1.000000
0.994300 0.051718 -0.093234 -0.207048 -0.045417 0.996618 0.068484 95.232773 0.096461 -0.063860 0.993286 4.478085 0.000000 0.000000 0.000000 1.000000
0.994257 0.051726 -0.093684 -0.183285 -0.045458 0.996659 0.067849 95.242386 0.096881 -0.063201 0.993287 4.456790 0.000000 0.000000 0.000000 1.000000
0.994220 0.051748 -0.094072 -0.158696 -0.045507 0.996693 0.067320 95.252548 0.097244 -0.062650 0.993287 4.437299 0.000000 0.000000 0.000000 1.000000
0.994186 0.051797 -0.094396 -0.133958 -0.045572 0.996715 0.066949 95.260910 0.097554 -0.062258 0.993281 4.417824 0.000000 0.000000 0.000000 1.000000
0.994157 0.051863 -0.094665 -0.109118 -0.045642 0.996726 0.066742 95.266327 0.097817 -0.062031 0.993269 4.397272 0.000000 0.000000 0.000000 1.000000
0.994134 0.051945 -0.094866 -0.084345 -0.045719 0.996727 0.066665 95.269547 0.098019 -0.061937 0.993255 4.376383 0.000000 0.000000 0.000000 1.000000
0.994119 0.052051 -0.094968 -0.060277 -0.045816 0.996721 0.066701 95.271896 0.098128 -0.061958 0.993243 4.356685 0.000000 0.000000 0.000000 1.000000
0.994113 0.052177 -0.094962 -0.038066 -0.045927 0.996705 0.066854 95.274185 0.098137 -0.062099 0.993234 4.339616 0.000000 0.000000 0.000000 1.000000
0.994115 0.052309 -0.094863 -0.018138 -0.046040 0.996683 0.067109 95.276855 0.098059 -0.062347 0.993226 4.326249 0.000000 0.000000 0.000000 1.000000
0.994127 0.052453 -0.094655 0.000595 -0.046167 0.996656 0.067425 95.279724 0.097875 -0.062659 0.993224 4.316080 0.000000 0.000000 0.000000 1.000000
0.994151 0.052624 -0.094313 0.020006 -0.046327 0.996626 0.067755 95.283234 0.097561 -0.062989 0.993234 4.307168 0.000000 0.000000 0.000000 1.000000
0.994180 0.052799 -0.093901 0.040381 -0.046496 0.996595 0.068085 95.288025 0.097177 -0.063323 0.993251 4.298320 0.000000 0.000000 0.000000 1.000000
0.994204 0.052937 -0.093575 0.060560 -0.046620 0.996565 0.068446 95.293167 0.096877 -0.063687 0.993257 4.289587 0.000000 0.000000 0.000000 1.000000
0.994211 0.053029 -0.093447 0.080056 -0.046681 0.996533 0.068862 95.296303 0.096774 -0.064101 0.993240 4.280626 0.000000 0.000000 0.000000 1.000000
0.994207 0.053086 -0.093459 0.099486 -0.046690 0.996500 0.069342 95.296539 0.096813 -0.064576 0.993205 4.270679 0.000000 0.000000 0.000000 1.000000
0.994208 0.053106 -0.093438 0.119231 -0.046659 0.996464 0.069877 95.295067 0.096818 -0.065113 0.993170 4.259743 0.000000 0.000000 0.000000 1.000000
0.994227 0.053108 -0.093233 0.138661 -0.046624 0.996429 0.070400 95.293083 0.096639 -0.065646 0.993152 4.248470 0.000000 0.000000 0.000000 1.000000
0.994262 0.053147 -0.092841 0.156318 -0.046645 0.996396 0.070849 95.291107 0.096272 -0.066112 0.993157 4.237519 0.000000 0.000000 0.000000 1.000000
0.994298 0.053256 -0.092390 0.171455 -0.046750 0.996365 0.071210 95.290306 0.095847 -0.066485 0.993173 4.227205 0.000000 0.000000 0.000000 1.000000
0.994328 0.053386 -0.091989 0.184472 -0.046886 0.996343 0.071424 95.290855 0.095465 -0.066706 0.993195 4.217751 0.000000 0.000000 0.000000 1.000000
0.994355 0.053471 -0.091643 0.195754 -0.046997 0.996340 0.071404 95.291199 0.095126 -0.066694 0.993229 4.209235 0.000000 0.000000 0.000000 1.000000
0.994382 0.053526 -0.091318 0.204895 -0.047100 0.996354 0.071133 95.290359 0.094792 -0.066432 0.993278 4.200916 0.000000 0.000000 0.000000 1.000000
0.994406 0.053613 -0.091003 0.211536 -0.047253 0.996381 0.070657 95.288681 0.094462 -0.065962 0.993341 4.191730 0.000000 0.000000 0.000000 1.000000
0.994424 0.053749 -0.090728 0.216099 -0.047466 0.996414 0.070049 95.286522 0.094168 -0.065352 0.993409 4.182354 0.000000 0.000000 0.000000 1.000000
0.994437 0.053900 -0.090499 0.218922 -0.047694 0.996449 0.069387 95.283844 0.093917 -0.064685 0.993476 4.175262 0.000000 0.000000 0.000000 1.000000
0.994450 0.054038 -0.090273 0.220103 -0.047907 0.996482 0.068758 95.280807 0.093671 -0.064051 0.993541 4.172091 0.000000 0.000000 0.000000 1.000000
0.994465 0.054183 -0.090021 0.219071 -0.048117 0.996508 0.068237 95.278847 0.093404 -0.063528 0.993599 4.172542 0.000000 0.000000 0.000000 1.000000
0.994478 0.054350 -0.089772 0.214556 -0.048335 0.996523 0.067866 95.278114 0.093148 -0.063152 0.993647 4.176411 0.000000 0.000000 0.000000 1.000000
0.994487 0.054508 -0.089576 0.206598 -0.048530 0.996530 0.067621 95.276947 0.092951 -0.062901 0.993682 4.184854 0.000000 0.000000 0.000000 1.000000
0.994490 0.054603 -0.089490 0.196728 -0.048647 0.996537 0.067432 95.274292 0.092862 -0.062707 0.993702 4.198821 0.000000 0.000000 0.000000 1.000000
0.994484 0.054625 -0.089544 0.186085 -0.048685 0.996550 0.067220 95.271759 0.092907 -0.062490 0.993712 4.217417 0.000000 0.000000 0.000000 1.000000
0.994468 0.054627 -0.089720 0.174100 -0.048701 0.996567 0.066956 95.270676 0.093070 -0.062216 0.993714 4.238358 0.000000 0.000000 0.000000 1.000000
0.994444 0.054660 -0.089958 0.159480 -0.048746 0.996583 0.066676 95.270126 0.093295 -0.061921 0.993711 4.260388 0.000000 0.000000 0.000000 1.000000
0.994421 0.054722 -0.090185 0.141599 -0.048818 0.996597 0.066422 95.268425 0.093513 -0.061649 0.993708 4.284295 0.000000 0.000000 0.000000 1.000000
