<?xml version="1.0" encoding="utf-8"?>
<COLLADA xmlns="http://www.collada.org/2005/11/COLLADASchema" version="1.4.1">
  <asset><contributor><author>Mixamo</author><authoring_tool>COLLADA Mixamo exporter</authoring_tool><comments></comments></contributor><created>2017-03-27T20:55:39Z</created><modified>2017-03-27T20:55:39Z</modified><revision></revision><title></title><unit meter="0.010000"/><up_axis>Y_UP</up_axis></asset>
  <library_animations>
    <animation id="newVegas_Hips-anim" name="newVegas_Hips"><source id="newVegas_Hips-Matrix-animation-input"><float_array id="newVegas_Hips-Matrix-animation-input-array" count="66">

0.000000 0.033333 0.066667 0.100000 0.133333 0.166667 0.200000 0.233333 0.266667 0.300000 0.333333 0.366667 0.400000 0.433333 0.466667 0.500000
0.533333 0.566667 0.600000 0.633333 0.666667 0.700000 0.733333 0.766667 0.800000 0.833333 0.866667 0.900000 0.933333 0.966667 1.000000 1.033333
1.066667 1.100000 1.133333 1.166667 1.200000 1.233333 1.266667 1.300000 1.333333 1.366667 1.400000 1.433333 1.466667 1.500000 1.533333 1.566667
1.600000 1.633333 1.666667 1.700000 1.733333 1.766667 1.800000 1.833333 1.866667 1.900000 1.933333 1.966667 2.000000 2.033333 2.066667 2.100000
2.133333 2.166667</float_array><technique_common><accessor source="#newVegas_Hips-Matrix-animation-input-array" count="66"><param name="TIME" type="float"/></accessor></technique_common></source><source id="newVegas_Hips-Matrix-animation-output-transform"><float_array id="newVegas_Hips-Matrix-animation-output-transform-array" count="1056">

0.994306 0.055150 -0.091182 0.049015 -0.049302 0.996654 0.065198 95.261101 0.094472 -0.060331 0.993698 4.396920 0.000000 0.000000 0.000000 1.000000
0.993214 0.053879 -0.103072 0.182777 -0.048325 0.997281 0.055641 95.220192 0.105789 -0.050283 0.993116 4.333667 0.000000 0.000000 0.000000 1.000000
0.991597 0.052058 -0.118427 0.387627 -0.047169 0.997930 0.043719 95.218407 0.120458 -0.037765 0.992000 4.248560 0.000000 0.000000 0.000000 1.000000
0.989265 0.049196 -0.137606 0.661809 -0.045722 0.998553 0.028292 95.214684 0.138799 -0.021696 0.990083 4.117153 0.000000 0.000000 0.000000 1.000000
0.985836 0.044884 -0.161593 0.993592 -0.044256 0.998992 0.007489 95.147621 0.161766 -0.000232 0.986829 3.898677 0.000000 0.000000 0.000000 1.000000
0.980688 0.038102 -0.191830 1.383048 -0.042941 0.998854 -0.021131 94.925842 0.190805 0.028960 0.981201 3.533044 0.000000 0.000000 0.000000 1.000000
0.973045 0.027041 -0.229026 1.849441 -0.041723 0.997356 -0.059508 94.436821 0.226811 0.067459 0.971600 2.961919 0.000000 0.000000 0.000000 1.000000
0.962412 0.010129 -0.271404 2.395566 -0.040820 0.993347 -0.107678 93.542908 0.268508 0.114710 0.956423 2.155224 0.000000 0.000000 0.000000 1.000000
0.949218 -0.011635 -0.314403 2.982663 -0.042040 0.985664 -0.163399 92.124802 0.311796 0.168319 0.935121 1.116361 0.000000 0.000000 0.000000 1.000000
0.935127 -0.034262 -0.352651 3.555399 -0.048545 0.973538 -0.223311 90.105659 0.350970 0.225944 0.908718 -0.130328 0.000000 0.000000 0.000000 1.000000
0.922688 -0.053580 -0.381807 4.087385 -0.062208 0.956632 -0.284581 87.448029 0.380497 0.286331 0.879339 -1.518262 0.000000 0.000000 0.000000 1.000000
0.914541 -0.067419 -0.398835 4.613527 -0.081765 0.934844 -0.345515 84.262123 0.396143 0.348599 0.849441 -2.917456 0.000000 0.000000 0.000000 1.000000
0.912567 -0.076694 -0.401672 5.192921 -0.101718 0.908811 -0.404620 80.809212 0.396075 0.410099 0.821549 -4.170167 0.000000 0.000000 0.000000 1.000000
0.916611 -0.083166 -0.391034 5.846291 -0.115756 0.881012 -0.458714 77.421562 0.382655 0.465727 0.797918 -5.161408 0.000000 0.000000 0.000000 1.000000
0.923816 -0.087638 -0.372672 6.523749 -0.121332 0.856242 -0.502124 74.374969 0.363102 0.509087 0.780376 -5.829964 0.000000 0.000000 0.000000 1.000000
0.930009 -0.090698 -0.356169 7.109802 -0.120235 0.840672 -0.528028 71.960968 0.347313 0.533895 0.770928 -6.075576 0.000000 0.000000 0.000000 1.000000
0.932093 -0.094677 -0.349627 7.537008 -0.113282 0.840622 -0.529643 70.595444 0.344049 0.533283 0.772813 -5.774945 0.000000 0.000000 0.000000 1.000000
0.927718 -0.103400 -0.358676 7.827703 -0.098625 0.858829 -0.502679 70.743408 0.360018 0.501718 0.786553 -5.031937 0.000000 0.000000 0.000000 1.000000
0.914495 -0.120568 -0.386216 7.998321 -0.072747 0.890013 -0.450095 72.273895 0.398004 0.439705 0.805141 -3.895385 0.000000 0.000000 0.000000 1.000000
0.893575 -0.142345 -0.425749 8.104216 -0.034473 0.923837 -0.381230 74.636360 0.447589 0.355334 0.820611 -2.377855 0.000000 0.000000 0.000000 1.000000
0.874771 -0.158778 -0.457784 8.099881 0.013345 0.952322 -0.304803 77.586525 0.484354 0.260524 0.835182 -0.481538 0.000000 0.000000 0.000000 1.000000
0.875072 -0.153561 -0.458986 7.934591 0.052191 0.972741 -0.225943 81.159599 0.481171 0.173762 0.859233 1.775276 0.000000 0.000000 0.000000 1.000000
0.904895 -0.125538 -0.406701 7.429977 0.069362 0.986235 -0.150097 86.015480 0.419946 0.107613 0.901146 3.974908 0.000000 0.000000 0.000000 1.000000
0.952438 -0.098100 -0.288509 6.433481 0.075390 0.993190 -0.088828 92.331314 0.295259 0.062852 0.953348 5.359815 0.000000 0.000000 0.000000 1.000000
0.988528 -0.086861 -0.123559 5.239981 0.079924 0.994991 -0.060042 98.918068 0.128156 0.049478 0.990519 5.793514 0.000000 0.000000 0.000000 1.000000
0.995444 -0.086341 0.040460 4.233049 0.089111 0.993374 -0.072574 104.209648 -0.033926 0.075849 0.996542 5.380264 0.000000 0.000000 0.000000 1.000000
0.988812 -0.045353 0.142107 3.933237 0.062057 0.991377 -0.115414 109.513626 -0.135647 0.122941 0.983100 4.160923 0.000000 0.000000 0.000000 1.000000
0.985335 -0.002229 0.170618 3.911000 0.031151 0.985460 -0.167025 113.591461 -0.167765 0.169891 0.971078 2.696372 0.000000 0.000000 0.000000 1.000000
0.986883 0.030718 0.158488 3.864450 0.003747 0.977108 -0.212713 116.285278 -0.161394 0.210517 0.964176 1.586488 0.000000 0.000000 0.000000 1.000000
0.988408 0.058109 0.140258 3.846370 -0.021198 0.967624 -0.251505 118.532829 -0.150331 0.245617 0.957639 0.186831 0.000000 0.000000 0.000000 1.000000
0.988814 0.077328 0.127543 3.788074 -0.038083 0.957661 -0.285368 120.486771 -0.144210 0.277318 0.949894 -1.577848 0.000000 0.000000 0.000000 1.000000
0.990419 0.086039 0.108014 3.772242 -0.049140 0.950571 -0.306594 121.833755 -0.129054 0.298349 0.945692 -2.417215 0.000000 0.000000 0.000000 1.000000
0.992876 0.090964 0.076960 3.900048 -0.063444 0.950319 -0.304745 121.662437 -0.100858 0.297691 0.949320 -2.154514 0.000000 0.000000 0.000000 1.000000
0.994806 0.094082 0.038850 4.053063 -0.079512 0.956566 -0.280461 119.912384 -0.063549 0.275916 0.959079 -0.997335 0.000000 0.000000 0.000000 1.000000
0.995214 0.097702 0.001869 4.400270 -0.094228 0.964540 -0.246543 117.007568 -0.025890 0.245187 0.969130 0.727666 0.000000 0.000000 0.000000 1.000000
0.994211 0.103609 -0.028443 5.210551 -0.107298 0.971163 -0.212907 113.208702 0.005563 0.214727 0.976658 2.424066 0.000000 0.000000 0.000000 1.000000
0.992646 0.112506 -0.044669 6.287172 -0.118679 0.977196 -0.176080 108.635155 0.023841 0.180087 0.983362 4.284015 0.000000 0.000000 0.000000 1.000000
0.991885 0.122561 -0.033820 7.030255 -0.125949 0.983529 -0.129642 103.395523 0.017374 0.132849 0.990984 6.420094 0.000000 0.000000 0.000000 1.000000
0.991734 0.127532 0.014136 7.024539 -0.125932 0.988529 -0.083371 97.839584 -0.024606 0.080902 0.996418 8.089344 0.000000 0.000000 0.000000 1.000000
0.986444 0.132451 0.096877 6.297231 -0.126912 0.990019 -0.061290 92.377975 -0.104028 0.048165 0.993407 8.720930 0.000000 0.000000 0.000000 1.000000
0.968695 0.150500 0.197432 4.996968 -0.137620 0.987449 -0.077490 87.359810 -0.206616 0.047894 0.977249 8.194342 0.000000 0.000000 0.000000 1.000000
0.944193 0.180367 0.275623 3.807408 -0.152820 0.981120 -0.118530 82.937546 -0.291798 0.069794 0.953930 6.998127 0.000000 0.000000 0.000000 1.000000
0.933385 0.196665 0.300191 3.048990 -0.155116 0.975388 -0.156705 80.188705 -0.323621 0.099701 0.940919 5.545379 0.000000 0.000000 0.000000 1.000000
0.939363 0.190577 0.285092 2.510987 -0.144175 0.973792 -0.175904 79.437042 -0.311143 0.124135 0.942221 4.080210 0.000000 0.000000 0.000000 1.000000
0.946250 0.179353 0.269152 2.060589 -0.133661 0.974627 -0.179549 80.263405 -0.294525 0.133923 0.946213 2.980496 0.000000 0.000000 0.000000 1.000000
0.946558 0.173899 0.271639 1.735708 -0.127485 0.975341 -0.180161 81.822067 -0.296270 0.135903 0.945386 2.066673 0.000000 0.000000 0.000000 1.000000
0.946076 0.171329 0.274932 1.584839 -0.123404 0.975312 -0.183135 83.787369 -0.299520 0.139332 0.943861 1.318186 0.000000 0.000000 0.000000 1.000000
0.954113 0.162090 0.251782 1.591881 -0.117420 0.976007 -0.183368 85.985443 -0.275463 0.145389 0.950254 0.784394 0.000000 0.000000 0.000000 1.000000
0.968902 0.143739 0.201415 1.672947 -0.109334 0.978899 -0.172635 88.184265 -0.221979 0.145245 0.964173 0.555449 0.000000 0.000000 0.000000 1.000000
0.980837 0.123951 0.150314 1.723129 -0.101437 0.983593 -0.149180 90.024620 -0.166339 0.131074 0.977318 0.624431 0.000000 0.000000 0.000000 1.000000
0.986585 0.109826 0.120779 1.698609 -0.095366 0.988230 -0.119612 91.286201 -0.132494 0.106489 0.985447 0.815188 0.000000 0.000000 0.000000 1.000000
0.988875 0.100943 0.109252 1.645303 -0.091163 0.991661 -0.091093 92.027344 -0.117536 0.080120 0.989831 0.973274 0.000000 0.000000 0.000000 1.000000
0.990829 0.094254 0.096822 1.616166 -0.088133 0.993942 -0.065672 92.484520 -0.102425 0.056537 0.993133 1.098378 0.000000 0.000000 0.000000 1.000000
0.993578 0.087578 0.071638 1.581446 -0.084719 0.995518 -0.042024 92.861908 -0.074997 0.035685 0.996545 1.263254 0.000000 0.000000 0.000000 1.000000
0.996017 0.080709 0.037890 1.485927 -0.080012 0.996602 -0.019546 93.208771 -0.039339 0.016436 0.999091 1.495499 0.000000 0.000000 0.000000 1.000000
0.997173 0.074846 0.006685 1.345186 -0.074852 0.997194 0.000744 93.507851 -0.006611 -0.001242 0.999977 1.759670 0.000000 0.000000 0.000000 1.000000
0.997356 0.070750 -0.016613 1.216903 -0.070453 0.997356 0.017833 93.791939 0.017831 -0.016615 0.999703 2.026024 0.000000 0.000000 0.000000 1.000000
0.997084 0.068002 -0.034637 1.115433 -0.066921 0.997262 0.031457 94.120415 0.036682 -0.029048 0.998905 2.310092 0.000000 0.000000 0.000000 1.000000
0.996520 0.065561 -0.051466 1.011424 -0.063447 0.997114 0.041689 94.493393 0.054050 -0.038278 0.997804 2.633381 0.000000 0.000000 0.000000 1.000000
0.995745 0.062723 -0.067505 0.891675 -0.059494 0.997033 0.048833 94.839256 0.070368 -0.044609 0.996523 2.978505 0.000000 0.000000 0.000000 1.000000
0.994956 0.059650 -0.080656 0.772411 -0.055421 0.997018 0.053694 95.078018 0.083618 -0.048953 0.995295 3.300832 0.000000 0.000000 0.000000 1.000000
0.994331 0.057163 -0.089655 0.661756 -0.052154 0.996996 0.057260 95.195290 0.092659 -0.052259 0.994326 3.574673 0.000000 0.000000 0.000000 1.000000
0.993935 0.055798 -0.094761 0.541338 -0.050239 0.996929 0.060070 95.232964 0.097822 -0.054945 0.993686 3.807600 0.000000 0.000000 0.000000 1.000000
0.993796 0.055345 -0.096474 0.392789 -0.049475 0.996836 0.062208 95.240059 0.099611 -0.057049 0.993390 4.018201 0.000000 0.000000 0.000000 1.000000
0.993936 0.055244 -0.095074 0.221867 -0.049298 0.996744 0.063801 95.245270 0.098290 -0.058727 0.993424 4.214843 0.000000 0.000000 0.000000 1.000000
0.994306 0.055150 -0.091182 0.049013 -0.049302 0.996654 0.065198 95.261108 0.094472 -0.060331 0.993698 4.396919 0.000000 0.000000 0.000000 1.000000</float_array><technique_common><accessor source="#newVegas_Hips-Matrix-animation-output-transform-array" count="66" stride="16"><param type="float4x4"/></accessor></technique_common></source><source id="newVegas_Hips-Interpolations"><Name_array id="newVegas_Hips-Interpolations-array" count="66">
 LINEAR LINEAR LINEAR LINEAR LINEAR LINEAR LINEAR LINEAR LINEAR LINEAR LINEAR
LINEAR LINEAR LINEAR LINEAR LINEAR LINEAR LINEAR LINEAR LINEAR LINEAR LINEAR LINEAR
LINEAR LINEAR LINEAR LINEAR LINEAR LINEAR LINEAR LINEAR LINEAR LINEAR LINEAR LINEAR
LINEAR LINEAR LINEAR LINEAR LINEAR LINEAR LINEAR LINEAR LINEAR LINEAR LINEAR LINEAR
LINEAR LINEAR LINEAR LINEAR LINEAR LINEAR LINEAR LINEAR LINEAR LINEAR LINEAR LINEAR
LINEAR LINEAR LINEAR LINEAR LINEAR LINEAR LINEAR</Name_array><technique_common><accessor source="#newVegas_Hips-Interpolations-array" count="66"><param type="name"/></accessor></technique_common></source><sampler id="newVegas_Hips-Matrix-animation-transform"><input semantic="INPUT" source="#newVegas_Hips-Matrix-animation-input"/><input semantic="OUTPUT" source="#newVegas_Hips-Matrix-animation-output-transform"/><input semantic="INTERPOLATION" source="#newVegas_Hips-Interpolations"/></sampler><channel source="#newVegas_Hips-Matrix-animation-transform" target="newVegas_Hips/matrix"/></animation>
    <animation id="newVegas_Pelvis-anim" name="newVegas_Pelvis"><source id="newVegas_Pelvis-Matrix-animation-input"><float_array id="newVegas_Pelvis-Matrix-animation-input-array" count="66">

0.000000 0.033333 0.066667 0.100000 0.133333 0.166667 0.200000 0.233333 0.266667 0.300000 0.333333 0.366667 0.400000 0.433333 0.466667 0.500000
0.533333 0.566667 0.600000 0.633333 0.666667 0.700000 0.733333 0.766667 0.800000 0.833333 0.866667 0.900000 0.933333 0.966667 1.000000 1.033333
1.066667 1.100000 1.133333 1.166667 1.200000 1.233333 1.266667 1.300000 1.333333 1.366667 1.400000 1.433333 1.466667 1.500000 1.533333 1.566667
1.600000 1.633333 1.666667 1.700000 1.733333 1.766667 1.800000 1.833333 1.866667 1.900000 1.933333 1.966667 2.000000 2.033333 2.066667 2.100000
2.133333 2.166667</float_array><technique_common><accessor source="#newVegas_Pelvis-Matrix-animation-input-array" count="66"><param name="TIME" type="float"/></accessor></technique_common></source><source id="newVegas_Pelvis-Matrix-animation-output-transform"><float_array id="newVegas_Pelvis-Matrix-animation-output-transform-array" count="1056">

1.000000 -0.000000 0.000000 0.000000 0.000000 1.000000 -0.000000 0.000000 0.000000 -0.000000 1.000000 0.000000 0.000000 0.000000 0.000000 1.000000
1.000000 0.000000 0.000000 0.000000 0.000000 1.000000 -0.000000 0.000000 -0.000000 0.000000 1.000000 0.000000 0.000000 0.000000 0.000000 1.000000
1.000000 -0.000000 0.000000 0.000000 -0.000000 1.000000 0.000000 0.000000 -0.000000 -0.000000 1.000000 0.000000 0.000000 0.000000 0.000000 1.000000
1.000000 0.000000 0.000000 0.000000 0.000000 1.000000 0.000000 0.000000 0.000000 0.000000 1.000000 0.000000 0.000000 0.000000 0.000000 1.000000
1.000000 0.000000 0.000000 0.000000 -0.000000 1.000000 0.000000 0.000000 0.000000 0.000000 1.000000 0.000000 0.000000 0.000000 0.000000 1.000000
1.000000 -0.000000 0.000000 0.000000 0.000000 1.000000 0.000000 0.000000 0.000000 -0.000000 1.000000 0.000000 0.000000 0.000000 0.000000 1.000000
1.000000 0.000000 0.000000 0.000000 0.000000 1.000000 0.000000 0.000000 0.000000 0.000000 1.000000 0.000000 0.000000 0.000000 0.000000 1.000000
1.000000 -0.000000 0.000000 0.000000 0.000000 1.000000 -0.000000 0.000000 0.000000 0.000000 1.000000 0.000000 0.000000 0.000000 0.000000 1.000000
1.000000 0.000000 -0.000000 0.000000 -0.000000 1.000000 -0.000000 0.000000 0.000000 0.000000 1.000000 0.000000 0.000000 0.000000 0.000000 1.000000
1.000000 -0.000000 0.000000 0.000000 -0.000000 1.000000 0.000000 0.000000 0.000000 0.000000 1.000000 0.000000 0.000000 0.000000 0.000000 1.000000
1.000000 0.000000 0.000000 0.000000 -0.000000 1.000000 -0.000000 0.000000 0.000000 0.000000 1.000000 0.000000 0.000000 0.000000 0.000000 1.000000
1.000000 -0.000000 0.000000 0.000000 0.000000 1.000000 0.000000 0.000000 0.000000 0.000000 1.000000 0.000000 0.000000 0.000000 0.000000 1.000000
1.000000 0.000000 -0.000000 0.000000 -0.000000 1.000000 0.000000 0.000000 -0.000000 -0.000000 1.000000 0.000000 0.000000 0.000000 0.000000 1.000000
1.000000 0.000000 0.000000 0.000000 -0.000000 1.000000 -0.000000 0.000000 -0.000000 -0.000000 1.000000 0.000000 0.000000 0.000000 0.000000 1.000000
1.000000 0.000000 0.000000 0.000000 0.000000 1.000000 0.000000 0.000000 0.000000 0.000000 1.000000 0.000000 0.000000 0.000000 0.000000 1.000000
1.000000 0.000000 -0.000000 0.000000 0.000000 1.000000 0.000000 0.000000 0.000000 0.000000 1.000000 0.000000 0.000000 0.000000 0.000000 1.000000
1.000000 0.000000 0.000000 0.000000 0.000000 1.000000 0.000000 0.000000 -0.000000 0.000000 1.000000 0.000000 0.000000 0.000000 0.000000 1.000000
1.000000 -0.000000 0.000000 0.000000 0.000000 1.000000 0.000000 0.000000 -0.000000 0.000000 1.000000 0.000000 0.000000 0.000000 0.000000 1.000000
1.000000 -0.000000 0.000000 0.000000 -0.000000 1.000000 0.000000 0.000000 0.000000 0.000000 1.000000 0.000000 0.000000 0.000000 0.000000 1.000000
1.000000 -0.000000 -0.000000 0.000000 -0.000000 1.000000 0.000000 0.000000 0.000000 0.000000 1.000000 0.000000 0.000000 0.000000 0.000000 1.000000
1.000000 -0.000000 -0.000000 0.000000 0.000000 1.000000 -0.000000 0.000000 -0.000000 0.000000 1.000000 0.000000 0.000000 0.000000 0.000000 1.000000
1.000000 0.000000 0.000000 0.000000 -0.000000 1.000000 -0.000000 0.000000 0.000000 -0.000000 1.000000 0.000000 0.000000 0.000000 0.000000 1.000000
1.000000 0.000000 -0.000000 0.000000 0.000000 1.000000 0.000000 0.000000 0.000000 -0.000000 1.000000 0.000000 0.000000 0.000000 0.000000 1.000000
1.000000 -0.000000 -0.000000 0.000000 -0.000000 1.000000 0.000000 0.000000 -0.000000 0.000000 1.000000 0.000000 0.000000 0.000000 0.000000 1.000000
1.000000 -0.000000 0.000000 0.000000 0.000000 1.000000 0.000000 0.000000 0.000000 0.000000 1.000000 0.000000 0.000000 0.000000 0.000000 1.000000
1.000000 -0.000000 0.000000 0.000000 -0.000000 1.000000 0.000000 0.000000 0.000000 0.000000 1.000000 0.000000 0.000000 0.000000 0.000000 1.000000
1.000000 0.000000 0.000000 0.000000 0.000000 1.000000 0.000000 0.000000 0.000000 0.000000 1.000000 0.000000 0.000000 0.000000 0.000000 1.000000
1.000000 -0.000000 -0.000000 0.000000 0.000000 1.000000 -0.000000 0.000000 0.000000 -0.000000 1.000000 0.000000 0.000000 0.000000 0.000000 1.000000
1.000000 0.000000 0.000000 0.000000 0.000000 1.000000 0.000000 0.000000 0.000000 0.000000 1.000000 0.000000 0.000000 0.000000 0.000000 1.000000
1.000000 0.000000 0.000000 0.000000 0.000000 1.000000 0.000000 0.000000 0.000000 -0.000000 1.000000 0.000000 0.000000 0.000000 0.000000 1.000000
1.000000 -0.000000 -0.000000 0.000000 0.000000 1.000000 0.000000 0.000000 0.000000 -0.000000 1.000000 0.000000 0.000000 0.000000 0.000000 1.000000
1.000000 0.000000 0.000000 0.000000 0.000000 1.000000 0.000000 0.000000 0.000000 0.000000 1.000000 0.000000 0.000000 0.000000 0.000000 1.000000
1.000000 -0.000000 0.000000 0.000000 0.000000 1.000000 -0.000000 0.000000 0.000000 -0.000000 1.000000 0.000000 0.000000 0.000000 0.000000 1.000000
1.000000 -0.000000 0.000000 0.000000 -0.000000 1.000000 0.000000 0.000000 0.000000 -0.000000 1.000000 0.000000 0.000000 0.000000 0.000000 1.000000
1.000000 0.000000 0.000000 0.000000 0.000000 1.000000 0.000000 0.000000 -0.000000 0.000000 1.000000 0.000000 0.000000 0.000000 0.000000 1.000000
1.000000 0.000000 -0.000000 0.000000 0.000000 1.000000 0.000000 0.000000 0.000000 0.000000 1.000000 0.000000 0.000000 0.000000 0.000000 1.000000
1.000000 -0.000000 -0.000000 0.000000 0.000000 1.000000 0.000000 0.000000 -0.000000 -0.000000 1.000000 0.000000 0.000000 0.000000 0.000000 1.000000
1.000000 0.000000 -0.000000 0.000000 0.000000 1.000000 -0.000000 0.000000 0.000000 -0.000000 1.000000 0.000000 0.000000 0.000000 0.000000 1.000000
1.000000 -0.000000 0.000000 0.000000 0.000000 1.000000 0.000000 0.000000 0.000000 -0.000000 1.000000 0.000000 0.000000 0.000000 0.000000 1.000000
1.000000 0.000000 -0.000000 0.000000 0.000000 1.000000 0.000000 0.000000 0.000000 -0.000000 1.000000 0.000000 0.000000 0.000000 0.000000 1.000000
1.000000 0.000000 0.000000 0.000000 -0.000000 1.000000 -0.000000 0.000000 -0.000000 -0.000000 1.000000 0.000000 0.000000 0.000000 0.000000 1.000000
1.000000 0.000000 -0.000000 0.000000 0.000000 1.000000 0.000000 0.000000 0.000000 -0.000000 1.000000 0.000000 0.000000 0.000000 0.000000 1.000000
1.000000 -0.000000 -0.000000 0.000000 0.000000 1.000000 0.000000 0.000000 -0.000000 -0.000000 1.000000 0.000000 0.000000 0.000000 0.000000 1.000000
1.000000 -0.000000 -0.000000 0.000000 0.000000 1.000000 0.000000 0.000000 0.000000 0.000000 1.000000 0.000000 0.000000 0.000000 0.000000 1.000000
1.000000 0.000000 0.000000 0.000000 0.000000 1.000000 0.000000 0.000000 -0.000000 -0.000000 1.000000 0.000000 0.000000 0.000000 0.000000 1.000000
1.000000 0.000000 0.000000 0.000000 -0.000000 1.000000 -0.000000 0.000000 -0.000000 0.000000 1.000000 0.000000 0.000000 0.000000 0.000000 1.000000
1.000000 -0.000000 -0.000000 0.000000 -0.000000 1.000000 0.000000 0.000000 0.000000 -0.000000 1.000000 0.000000 0.000000 0.000000 0.000000 1.000000
1.000000 -0.000000 0.000000 0.000000 -0.000000 1.000000 0.000000 0.000000 -0.000000 0.000000 1.000000 0.000000 0.000000 0.000000 0.000000 1.000000
1.000000 0.000000 0.000000 0.000000 -0.000000 1.000000 0.000000 0.000000 0.000000 0.000000 1.000000 0.000000 0.000000 0.000000 0.000000 1.000000
1.000000 0.000000 0.000000 0.000000 -0.000000 1.000000 0.000000 0.000000 0.000000 0.000000 1.000000 0.000000 0.000000 0.000000 0.000000 1.000000
1.000000 0.000000 0.000000 0.000000 0.000000 1.000000 0.000000 0.000000 0.000000 -0.000000 1.000000 0.000000 0.000000 0.000000 0.000000 1.000000
1.000000 -0.000000 0.000000 0.000000 -0.000000 1.000000 0.000000 0.000000 0.000000 -0.000000 1.000000 0.000000 0.000000 0.000000 0.000000 1.000000
1.000000 -0.000000 0.000000 0.000000 -0.000000 1.000000 0.000000 0.000000 0.000000 0.000000 1.000000 0.000000 0.000000 0.000000 0.000000 1.000000
1.000000 -0.000000 0.000000 0.000000 0.000000 1.000000 0.000000 0.000000 0.000000 -0.000000 1.000000 0.000000 0.000000 0.000000 0.000000 1.000000
1.000000 -0.000000 -0.000000 0.000000 0.000000 1.000000 0.000000 0.000000 0.000000 -0.000000 1.000000 0.000000 0.000000 0.000000 0.000000 1.000000
1.000000 -0.000000 0.000000 0.000000 0.000000 1.000000 0.000000 0.000000 -0.000000 -0.000000 1.000000 0.000000 0.000000 0.000000 0.000000 1.000000
1.000000 -0.000000 0.000000 0.000000 0.000000 1.000000 0.000000 0.000000 0.000000 0.000000 1.000000 0.000000 0.000000 0.000000 0.000000 1.000000
1.000000 -0.000000 0.000000 0.000000 0.000000 1.000000 0.000000 0.000000 -0.000000 -0.000000 1.000000 0.000000 0.000000 0.000000 0.000000 1.000000
1.000000 -0.000000 0.000000 0.000000 -0.000000 1.000000 -0.000000 0.000000 0.000000 0.000000 1.000000 0.000000 0.000000 0.000000 0.000000 1.000000
1.000000 -0.000000 0.000000 0.000000 -0.000000 1.000000 -0.000000 0.000000 0.000000 0.000000 1.000000 0.000000 0.000000 0.000000 0.000000 1.000000
1.000000 -0.000000 0.000000 0.000000 -0.000000 1.000000 0.000000 0.000000 0.000000 0.000000 1.000000 0.000000 0.000000 0.000000 0.000000 1.000000
1.000000 -0.000000 0.000000 0.000000 -0.000000 1.000000 0.000000 0.000000 0.000000 0.000000 1.000000 0.000000 0.000000 0.000000 0.000000 1.000000
1.000000 0.000000 -0.000000 0.000000 0.000000 1.000000 -0.000000 0.000000 0.000000 -0.000000 1.000000 0.000000 0.000000 0.000000 0.000000 1.000000
1.000000 -0.000000 0.000000 0.000000 -0.000000 1.000000 -0.000000 0.000000 0.000000 -0.000000 1.000000 0.000000 0.000000 0.000000 0.000000 1.000000
1.000000 -0.000000 -0.000000 0.000000 -0.000000 1.000000 -0.000000 0.000000 -0.000000 -0.000000 1.000000 0.000000 0.000000 0.000000 0.000000 1.000000
1.000000 0.000000 -0.000000 0.000000 -0.000000 1.000000 -0.000000 0.000000 -0.000000 0.000000 1.000000 0.000000 0.000000 0.000000 0.000000 1.000000</float_array><technique_common><accessor source="#newVegas_Pelvis-Matrix-animation-output-transform-array" count="66" stride="16"><param type="float4x4"/></accessor></technique_common></source><source id="newVegas_Pelvis-Interpolations"><Name_array id="newVegas_Pelvis-Interpolations-array" count="66">
 LINEAR LINEAR LINEAR LINEAR LINEAR LINEAR LINEAR LINEAR LINEAR LINEAR LINEAR
LINEAR LINEAR LINEAR LINEAR LINEAR LINEAR LINEAR LINEAR LINEAR LINEAR LINEAR LINEAR
LINEAR LINEAR LINEAR LINEAR LINEAR LINEAR LINEAR LINEAR LINEAR LINEAR LINEAR LINEAR
LINEAR LINEAR LINEAR LINEAR LINEAR LINEAR LINEAR LINEAR LINEAR LINEAR LINEAR LINEAR
LINEAR LINEAR LINEAR LINEAR LINEAR LINEAR LINEAR LINEAR LINEAR LINEAR LINEAR LINEAR
LINEAR LINEAR LINEAR LINEAR LINEAR LINEAR LINEAR</Name_array><technique_common><accessor source="#newVegas_Pelvis-Interpolations-array" count="66"><param type="name"/></accessor></technique_common></source><sampler id="newVegas_Pelvis-Matrix-animation-transform"><input semantic="INPUT" source="#newVegas_Pelvis-Matrix-animation-input"/><input semantic="OUTPUT" source="#newVegas_Pelvis-Matrix-animation-output-transform"/><input semantic="INTERPOLATION" source="#newVegas_Pelvis-Interpolations"/></sampler><channel source="#newVegas_Pelvis-Matrix-animation-transform" target="newVegas_Pelvis/matrix"/></animation>
    <animation id="newVegas_LeftUpLeg-anim" name="newVegas_LeftUpLeg"><source id="newVegas_LeftUpLeg-Matrix-animation-input"><float_array id="newVegas_LeftUpLeg-Matrix-animation-input-array" count="66">

0.000000 0.033333 0.066667 0.100000 0.133333 0.166667 0.200000 0.233333 0.266667 0.300000 0.333333 0.366667 0.400000 0.433333 0.466667 0.500000
0.533333 0.566667 0.600000 0.633333 0.666667 0.700000 0.733333 0.766667 0.800000 0.833333 0.866667 0.900000 0.933333 0.966667 1.000000 1.033333
1.066667 1.100000 1.133333 1.166667 1.200000 1.233333 1.266667 1.300000 1.333333 1.366667 1.400000 1.433333 1.466667 1.500000 1.533333 1.566667
1.600000 1.633333 1.666667 1.700000 1.733333 1.766667 1.800000 1.833333 1.866667 1.900000 1.933333 1.966667 2.000000 2.033333 2.066667 2.100000
2.133333 2.166667</float_array><technique_common><accessor source="#newVegas_LeftUpLeg-Matrix-animation-input-array" count="66"><param name="TIME" type="float"/></accessor></technique_common></source><source id="newVegas_LeftUpLeg-Matrix-animation-output-transform"><float_array id="newVegas_LeftUpLeg-Matrix-animation-output-transform-array" count="1056">

-0.951520 0.205546 0.228825 18.735201 -0.142864 -0.954155 0.263018 -5.666700 0.272396 0.217576 0.937262 -4.541200 0.000000 0.000000 0.000000 1.000000
-0.948561 0.209908 0.237003 18.735201 -0.142818 -0.951812 0.271397 -5.666700 0.282550 0.223589 0.932831 -4.541200 0.000000 0.000000 0.000000 1.000000
-0.946272 0.211730 0.244417 18.735201 -0.140859 -0.950248 0.277827 -5.666700 0.291081 0.228472 0.929017 -4.541200 0.000000 0.000000 0.000000 1.000000
-0.944875 0.211252 0.250168 18.735201 -0.136482 -0.948597 0.285545 -5.666700 0.297631 0.235661 0.925138 -4.541200 0.000000 0.000000 0.000000 1.000000
-0.943768 0.210943 0.254568 18.735201 -0.130175 -0.944898 0.300370 -5.666700 0.303901 0.250341 0.919224 -4.541200 0.000000 0.000000 0.000000 1.000000
-0.942396 0.213823 0.257235 18.735201 -0.122330 -0.936051 0.329915 -5.666700 0.311329 0.279443 0.908287 -4.541200 0.000000 0.000000 0.000000 1.000000
-0.940554 0.222217 0.256862 18.735201 -0.112875 -0.917790 0.380685 -5.666700 0.320340 0.329061 0.888314 -4.541200 0.000000 0.000000 0.000000 1.000000
-0.937793 0.237314 0.253430 18.735201 -0.100556 -0.884298 0.455967 -5.666700 0.332314 0.402118 0.853152 -4.541200 0.000000 0.000000 0.000000 1.000000
-0.932235 0.263079 0.248451 18.735201 -0.086233 -0.828341 0.553548 -5.666700 0.351429 0.494612 0.794894 -4.541200 0.000000 0.000000 0.000000 1.000000
-0.921745 0.304411 0.240248 18.735201 -0.071828 -0.742821 0.665625 -5.666700 0.381085 0.596280 0.706558 -4.541200 0.000000 0.000000 0.000000 1.000000
-0.907182 0.358437 0.220324 18.735201 -0.056478 -0.622667 0.780446 -5.666700 0.416930 0.695564 0.585116 -4.541200 0.000000 0.000000 0.000000 1.000000
-0.894078 0.409954 0.180450 18.735201 -0.037547 -0.470047 0.881842 -5.666700 0.446335 0.781661 0.435651 -4.541200 0.000000 0.000000 0.000000 1.000000
-0.888305 0.441889 0.125092 18.735201 -0.014018 -0.298342 0.954356 -5.666700 0.459039 0.846006 0.271213 -4.541200 0.000000 0.000000 0.000000 1.000000
-0.889638 0.450927 0.072178 18.735201 0.014740 -0.129617 0.991455 -5.666700 0.456429 0.883099 0.108666 -4.541200 0.000000 0.000000 0.000000 1.000000
-0.893399 0.447621 0.038399 18.735201 0.049340 0.012804 0.998700 -5.666700 0.446547 0.894132 -0.033525 -4.541200 0.000000 0.000000 0.000000 1.000000
-0.896198 0.442892 0.026008 18.735201 0.081959 0.107661 0.990804 -5.666700 0.436018 0.890088 -0.132784 -4.541200 0.000000 0.000000 0.000000 1.000000
-0.899459 0.435900 0.031064 18.735201 0.098782 0.133560 0.986105 -5.666700 0.425695 0.890030 -0.163191 -4.541200 0.000000 0.000000 0.000000 1.000000
-0.905264 0.421401 0.054020 18.735201 0.093324 0.073193 0.992942 -5.666700 0.414473 0.903916 -0.105586 -4.541200 0.000000 0.000000 0.000000 1.000000
-0.912971 0.395409 0.100679 18.735201 0.078457 -0.072021 0.994313 -5.666700 0.400411 0.915677 0.034730 -4.541200 0.000000 0.000000 0.000000 1.000000
-0.917427 0.372485 0.139942 18.735201 0.066613 -0.202959 0.976919 -5.666700 0.392290 0.905573 0.161388 -4.541200 0.000000 0.000000 0.000000 1.000000
-0.919066 0.366479 0.144955 18.735201 0.038098 -0.283467 0.958225 -5.666700 0.392259 0.886194 0.246562 -4.541200 0.000000 0.000000 0.000000 1.000000
-0.928289 0.350861 0.123190 18.735201 -0.000613 -0.332725 0.943024 -5.666700 0.371859 0.875323 0.309080 -4.541200 0.000000 0.000000 0.000000 1.000000
-0.949770 0.302822 0.078974 18.735201 -0.027511 -0.332166 0.942820 -5.666700 0.311739 0.893289 0.323812 -4.541200 0.000000 0.000000 0.000000 1.000000
-0.974455 0.223962 0.016709 18.735201 -0.041959 -0.254641 0.966125 -5.666700 0.220630 0.940744 0.257534 -4.541200 0.000000 0.000000 0.000000 1.000000
-0.993231 0.111129 -0.033793 18.735201 -0.041290 -0.065869 0.996974 -5.666700 0.108567 0.991621 0.070011 -4.541200 0.000000 0.000000 0.000000 1.000000
-0.999664 -0.007235 -0.024876 18.735201 -0.025896 0.250402 0.967796 -5.666700 -0.000772 0.968115 -0.250505 -4.541200 0.000000 0.000000 0.000000 1.000000
-0.997463 -0.060309 0.037820 18.735201 -0.005994 0.600544 0.799569 -5.666700 -0.070934 0.797314 -0.599382 -4.541200 0.000000 0.000000 0.000000 1.000000
-0.989352 -0.022949 0.143719 18.735201 0.048890 0.877702 0.476707 -5.666700 -0.137082 0.478657 -0.867234 -4.541200 0.000000 0.000000 0.000000 1.000000
-0.967788 0.069461 0.241996 18.735201 0.097424 0.989629 0.105558 -5.666700 -0.232154 0.125734 -0.964518 -4.541200 0.000000 0.000000 0.000000 1.000000
-0.954371 0.133232 0.267256 18.735201 0.122755 0.990878 -0.055612 -5.666700 -0.272227 -0.020267 -0.962020 -4.541200 0.000000 0.000000 0.000000 1.000000
-0.972856 0.155954 0.170967 18.735201 0.174522 0.979613 0.099496 -5.666700 -0.151964 0.126633 -0.980240 -4.541200 0.000000 0.000000 0.000000 1.000000
-0.980445 0.193301 0.036900 18.735201 0.188940 0.872200 0.451186 -5.666700 0.055031 0.449335 -0.891667 -4.541200 0.000000 0.000000 0.000000 1.000000
-0.960100 0.275570 -0.047638 18.735201 0.144036 0.633281 0.760400 -5.666700 0.239712 0.723198 -0.647705 -4.541200 0.000000 0.000000 0.000000 1.000000
-0.926884 0.369623 -0.065303 18.735201 0.063024 0.324767 0.943692 -5.666700 0.370019 0.870577 -0.324317 -4.541200 0.000000 0.000000 0.000000 1.000000
-0.897667 0.439940 -0.025430 18.735201 -0.020433 0.016092 0.999662 -5.666700 0.440201 0.897883 -0.005456 -4.541200 0.000000 0.000000 0.000000 1.000000
-0.889513 0.455646 0.033951 18.735201 -0.089665 -0.246938 0.964874 -5.666700 0.448025 0.855224 0.260510 -4.541200 0.000000 0.000000 0.000000 1.000000
-0.910279 0.407230 0.074540 18.735201 -0.144098 -0.480451 0.865103 -5.666700 0.388109 0.776743 0.496026 -4.541200 0.000000 0.000000 0.000000 1.000000
-0.944684 0.318124 0.079807 18.735201 -0.166569 -0.674962 0.718806 -5.666700 0.282536 0.665751 0.690615 -4.541200 0.000000 0.000000 0.000000 1.000000
-0.970413 0.229295 0.075652 18.735201 -0.135754 -0.777239 0.614386 -5.666700 0.199675 0.585938 0.785370 -4.541200 0.000000 0.000000 0.000000 1.000000
-0.980122 0.179719 0.084031 18.735201 -0.084062 -0.759855 0.644635 -5.666700 0.179704 0.624758 0.759858 -4.541200 0.000000 0.000000 0.000000 1.000000
-0.976869 0.210117 0.039727 18.735201 -0.110764 -0.656100 0.746501 -5.666700 0.182917 0.724834 0.664197 -4.541200 0.000000 0.000000 0.000000 1.000000
-0.975199 0.219307 -0.029865 18.735201 -0.136813 -0.491224 0.860221 -5.666700 0.173983 0.842973 0.509045 -4.541200 0.000000 0.000000 0.000000 1.000000
-0.971820 0.228806 -0.056691 18.735201 -0.137447 -0.354640 0.924845 -5.666700 0.191505 0.906575 0.376095 -4.541200 0.000000 0.000000 0.000000 1.000000
-0.967119 0.251694 -0.036479 18.735201 -0.114974 -0.304748 0.945468 -5.666700 0.226852 0.918574 0.323666 -4.541200 0.000000 0.000000 0.000000 1.000000
-0.965434 0.260284 -0.013787 18.735201 -0.099978 -0.320949 0.941805 -5.666700 0.240712 0.910628 0.335878 -4.541200 0.000000 0.000000 0.000000 1.000000
-0.971640 0.236264 -0.009701 18.735201 -0.097071 -0.361124 0.927452 -5.666700 0.215620 0.902091 0.373817 -4.541200 0.000000 0.000000 0.000000 1.000000
-0.978464 0.206116 -0.011153 18.735201 -0.097672 -0.414710 0.904697 -5.666700 0.181847 0.886303 0.425910 -4.541200 0.000000 0.000000 0.000000 1.000000
-0.980114 0.198380 0.004795 18.735201 -0.093937 -0.485115 0.869390 -5.666700 0.174795 0.851651 0.494103 -4.541200 0.000000 0.000000 0.000000 1.000000
-0.976831 0.210090 0.040779 18.735201 -0.088527 -0.570152 0.816756 -5.666700 0.194842 0.794222 0.575541 -4.541200 0.000000 0.000000 0.000000 1.000000
-0.972406 0.220112 0.077316 18.735201 -0.088181 -0.653599 0.751687 -5.666700 0.215989 0.724126 0.654973 -4.541200 0.000000 0.000000 0.000000 1.000000
-0.971143 0.217660 0.097498 18.735201 -0.091797 -0.718435 0.689510 -5.666700 0.220125 0.660663 0.717683 -4.541200 0.000000 0.000000 0.000000 1.000000
-0.972588 0.208350 0.103258 18.735201 -0.095189 -0.761874 0.640692 -5.666700 0.212158 0.613301 0.760823 -4.541200 0.000000 0.000000 0.000000 1.000000
-0.973156 0.203089 0.108268 18.735201 -0.098386 -0.792388 0.602031 -5.666700 0.208056 0.575218 0.791099 -4.541200 0.000000 0.000000 0.000000 1.000000
-0.970723 0.206456 0.122775 18.735201 -0.102792 -0.819008 0.564500 -5.666700 0.217098 0.535353 0.816251 -4.541200 0.000000 0.000000 0.000000 1.000000
-0.966051 0.214223 0.144410 18.735201 -0.108763 -0.844248 0.524801 -5.666700 0.234343 0.491278 0.838886 -4.541200 0.000000 0.000000 0.000000 1.000000
-0.961775 0.219398 0.163869 18.735201 -0.114885 -0.866479 0.485815 -5.666700 0.248576 0.448419 0.858563 -4.541200 0.000000 0.000000 0.000000 1.000000
-0.959495 0.219251 0.176912 18.735201 -0.119473 -0.885365 0.449283 -5.666700 0.255137 0.409948 0.875698 -4.541200 0.000000 0.000000 0.000000 1.000000
-0.958246 0.216032 0.187339 18.735201 -0.122648 -0.902343 0.413200 -5.666700 0.258308 0.372970 0.891162 -4.541200 0.000000 0.000000 0.000000 1.000000
-0.956568 0.212707 0.199331 18.735201 -0.125769 -0.918017 0.376067 -5.666700 0.262982 0.334664 0.904898 -4.541200 0.000000 0.000000 0.000000 1.000000
-0.954641 0.209824 0.211270 18.735201 -0.129403 -0.931376 0.340284 -5.666700 0.268172 0.297511 0.916281 -4.541200 0.000000 0.000000 0.000000 1.000000
-0.953753 0.205808 0.219085 18.735201 -0.131764 -0.941339 0.310676 -5.666700 0.270173 0.267441 0.924923 -4.541200 0.000000 0.000000 0.000000 1.000000
-0.954008 0.201419 0.222035 18.735201 -0.132567 -0.947752 0.290158 -5.666700 0.268878 0.247379 0.930864 -4.541200 0.000000 0.000000 0.000000 1.000000
-0.954205 0.199207 0.223181 18.735201 -0.133597 -0.951275 0.277898 -5.666700 0.267666 0.235355 0.934325 -4.541200 0.000000 0.000000 0.000000 1.000000
-0.953545 0.200188 0.225113 18.735201 -0.136069 -0.952905 0.271030 -5.666700 0.268768 0.227809 0.935877 -4.541200 0.000000 0.000000 0.000000 1.000000
-0.952382 0.203014 0.227494 18.735201 -0.139553 -0.953605 0.266763 -5.666700 0.271096 0.222312 0.936528 -4.541200 0.000000 0.000000 0.000000 1.000000
-0.951520 0.205546 0.228825 18.735201 -0.142864 -0.954155 0.263016 -5.666700 0.272397 0.217574 0.937263 -4.541200 0.000000 0.000000 0.000000 1.000000</float_array><technique_common><accessor source="#newVegas_LeftUpLeg-Matrix-animation-output-transform-array" count="66" stride="16"><param type="float4x4"/></accessor></technique_common></source><source id="newVegas_LeftUpLeg-Interpolations"><Name_array id="newVegas_LeftUpLeg-Interpolations-array" count="66">
 LINEAR LINEAR LINEAR LINEAR LINEAR LINEAR LINEAR LINEAR LINEAR LINEAR LINEAR
LINEAR LINEAR LINEAR LINEAR LINEAR LINEAR LINEAR LINEAR LINEAR LINEAR LINEAR LINEAR
LINEAR LINEAR LINEAR LINEAR LINEAR LINEAR LINEAR LINEAR LINEAR LINEAR LINEAR LINEAR
LINEAR LINEAR LINEAR LINEAR LINEAR LINEAR LINEAR LINEAR LINEAR LINEAR LINEAR LINEAR
LINEAR LINEAR LINEAR LINEAR LINEAR LINEAR LINEAR LINEAR LINEAR LINEAR LINEAR LINEAR
LINEAR LINEAR LINEAR LINEAR LINEAR LINEAR LINEAR</Name_array><technique_common><accessor source="#newVegas_LeftUpLeg-Interpolations-array" count="66"><param type="name"/></accessor></technique_common></source><sampler id="newVegas_LeftUpLeg-Matrix-animation-transform"><input semantic="INPUT" source="#newVegas_LeftUpLeg-Matrix-animation-input"/><input semantic="OUTPUT" source="#newVegas_LeftUpLeg-Matrix-animation-output-transform"/><input semantic="INTERPOLATION" source="#newVegas_LeftUpLeg-Interpolations"/></sampler><channel source="#newVegas_LeftUpLeg-Matrix-animation-transform" target="newVegas_LeftUpLeg/matrix"/></animation>
    <animation id="newVegas_LeftLeg-anim" name="newVegas_LeftLeg"><source id="newVegas_LeftLeg-Matrix-animation-input"><float_array id="newVegas_LeftLeg-Matrix-animation-input-array" count="66">

0.000000 0.033333 0.066667 0.100000 0.133333 0.166667 0.200000 0.233333 0.266667 0.300000 0.333333 0.366667 0.400000 0.433333 0.466667 0.500000
0.533333 0.566667 0.600000 0.633333 0.666667 0.700000 0.733333 0.766667 0.800000 0.833333 0.866667 0.900000 0.933333 0.966667 1.000000 1.033333
1.066667 1.100000 1.133333 1.166667 1.200000 1.233333 1.266667 1.300000 1.333333 1.366667 1.400000 1.433333 1.466667 1.500000 1.533333 1.566667
1.600000 1.633333 1.666667 1.700000 1.733333 1.766667 1.800000 1.833333 1.866667 1.900000 1.933333 1.966667 2.000000 2.033333 2.066667 2.100000
2.133333 2.166667</float_array><technique_common><accessor source="#newVegas_LeftLeg-Matrix-animation-input-array" count="66"><param name="TIME" type="float"/></accessor></technique_common></source><source id="newVegas_LeftLeg-Matrix-animation-output-transform"><float_array id="newVegas_LeftLeg-Matrix-animation-output-transform-array" count="1056">

0.995791 -0.083280 -0.038282 -0.255500 0.091414 0.871939 0.481005 31.940800 -0.006679 -0.482480 0.875882 0.083000 0.000000 0.000000 0.000000 1.000000
0.996629 -0.072574 -0.038246 -0.255500 0.082016 0.871364 0.483734 31.940800 -0.001781 -0.485240 0.874379 0.083000 0.000000 0.000000 0.000000 1.000000
0.997123 -0.061705 -0.044026 -0.255500 0.075294 0.873345 0.481248 31.940800 0.008755 -0.483179 0.875478 0.083000 0.000000 0.000000 0.000000 1.000000
0.997115 -0.050698 -0.056501 -0.255500 0.071568 0.875980 0.477008 31.940800 0.025311 -0.479675 0.877081 0.083000 0.000000 0.000000 0.000000 1.000000
0.996487 -0.038162 -0.074553 -0.255500 0.069254 0.876044 0.477232 31.940800 0.047100 -0.480718 0.875609 0.083000 0.000000 0.000000 0.000000 1.000000
0.994987 -0.022094 -0.097536 -0.255500 0.067387 0.868756 0.490634 31.940800 0.073894 -0.494747 0.865889 0.083000 0.000000 0.000000 0.000000 1.000000
0.992142 -0.000513 -0.125113 -0.255500 0.066691 0.848251 0.525379 31.940800 0.105857 -0.529595 0.841620 0.083000 0.000000 0.000000 0.000000 1.000000
0.989453 0.024325 -0.142798 -0.255500 0.064855 0.807085 0.586862 31.940800 0.129526 -0.589933 0.796995 0.083000 0.000000 0.000000 0.000000 1.000000
0.987359 0.050190 -0.150341 -0.255500 0.064868 0.737499 0.672226 31.940800 0.144615 -0.673481 0.724921 0.083000 0.000000 0.000000 0.000000 1.000000
0.986702 0.074757 -0.144329 -0.255500 0.064720 0.633833 0.770757 31.940800 0.149100 -0.769849 0.620566 0.083000 0.000000 0.000000 0.000000 1.000000
0.986040 0.093356 -0.137878 -0.255500 0.073987 0.496169 0.865068 31.940800 0.149171 -0.863193 0.482335 0.083000 0.000000 0.000000 0.000000 1.000000
