<?xml version="1.0" encoding="utf-8"?>
<COLLADA xmlns="http://www.collada.org/2005/11/COLLADASchema" version="1.4.1">
  <asset><contributor><author>Mixamo</author><authoring_tool>COLLADA Mixamo exporter</authoring_tool><comments></comments></contributor><created>2017-03-27T20:55:41Z</created><modified>2017-03-27T20:55:41Z</modified><revision></revision><title></title><unit meter="0.010000"/><up_axis>Y_UP</up_axis></asset>
  <library_animations>
    <animation id="newVegas_Hips-anim" name="newVegas_Hips"><source id="newVegas_Hips-Matrix-animation-input"><float_array id="newVegas_Hips-Matrix-animation-input-array" count="29">

0.000000 0.033333 0.066667 0.100000 0.133333 0.166667 0.200000 0.233333 0.266667 0.300000 0.333333 0.366667 0.400000 0.433333 0.466667 0.500000
0.533333 0.566667 0.600000 0.633333 0.666667 0.700000 0.733333 0.766667 0.800000 0.833333 0.866667 0.900000 0.933333</float_array><technique_common><accessor source="#newVegas_Hips-Matrix-animation-input-array" count="29"><param name="TIME" type="float"/></accessor></technique_common></source><source id="newVegas_Hips-Matrix-animation-output-transform"><float_array id="newVegas_Hips-Matrix-animation-output-transform-array" count="464">

0.991899 0.069659 -0.106227 0.115724 -0.062971 0.995892 0.065067 94.563789 0.110323 -0.057850 0.992211 4.426330 0.000000 0.000000 0.000000 1.000000
0.997286 0.060669 -0.041718 0.283026 -0.058493 0.996957 0.051537 94.348236 0.044718 -0.048956 0.997799 3.766095 0.000000 0.000000 0.000000 1.000000
0.998253 0.052700 0.026731 0.379053 -0.053789 0.997677 0.041804 94.061943 -0.024466 -0.043169 0.998768 3.046119 0.000000 0.000000 0.000000 1.000000
0.994462 0.046319 0.094339 0.280019 -0.049877 0.998117 0.035706 93.915298 -0.092507 -0.040214 0.994900 2.132024 0.000000 0.000000 0.000000 1.000000
0.987149 0.036567 0.155561 -0.168842 -0.042142 0.998576 0.032696 94.252998 -0.154144 -0.038832 0.987285 1.066124 0.000000 0.000000 0.000000 1.000000
0.977621 0.025024 0.208881 -0.841524 -0.032421 0.998960 0.032062 94.828194 -0.207861 -0.038117 0.977415 -0.004198 0.000000 0.000000 0.000000 1.000000
0.966982 0.018178 0.254197 -1.479982 -0.027450 0.999079 0.032973 95.149841 -0.253363 -0.038862 0.966590 -0.996618 0.000000 0.000000 0.000000 1.000000
0.955537 0.014794 0.294501 -2.035597 -0.025923 0.999088 0.033918 95.237450 -0.293731 -0.040044 0.955049 -1.936226 0.000000 0.000000 0.000000 1.000000
0.942102 0.010341 0.335166 -2.514209 -0.023383 0.999117 0.034900 95.295166 -0.334509 -0.040717 0.941513 -2.858735 0.000000 0.000000 0.000000 1.000000
0.926361 0.007335 0.376566 -2.845261 -0.023409 0.998999 0.038126 95.232109 -0.375909 -0.044133 0.925605 -3.746177 0.000000 0.000000 0.000000 1.000000
0.910169 0.008122 0.414156 -2.965776 -0.028933 0.998612 0.044001 94.990685 -0.413224 -0.052031 0.909142 -4.608848 0.000000 0.000000 0.000000 1.000000
0.895216 0.010298 0.445514 -2.797939 -0.036893 0.998014 0.051064 94.738533 -0.444103 -0.062149 0.893818 -5.442255 0.000000 0.000000 0.000000 1.000000
0.880626 0.010351 0.473698 -2.391193 -0.042628 0.997438 0.057451 94.584778 -0.471890 -0.070786 0.878811 -6.252605 0.000000 0.000000 0.000000 1.000000
0.862918 0.002427 0.505338 -2.077081 -0.039428 0.997264 0.062536 94.477524 -0.503804 -0.073888 0.860652 -6.973694 0.000000 0.000000 0.000000 1.000000
0.839410 -0.007850 0.543442 -1.907547 -0.035297 0.996998 0.068921 94.393105 -0.542352 -0.077035 0.836612 -7.546145 0.000000 0.000000 0.000000 1.000000
0.808473 -0.015594 0.588326 -1.750412 -0.036535 0.996391 0.076617 94.305351 -0.587398 -0.083437 0.804986 -7.957753 0.000000 0.000000 0.000000 1.000000
0.767352 -0.020579 0.640896 -1.602491 -0.041911 0.995738 0.082153 94.230919 -0.639855 -0.089901 0.763219 -7.977539 0.000000 0.000000 0.000000 1.000000
0.717460 -0.026493 0.696096 -1.435078 -0.046136 0.995275 0.085432 94.256790 -0.695070 -0.093409 0.712848 -7.540015 0.000000 0.000000 0.000000 1.000000
0.662319 -0.032355 0.748523 -1.134689 -0.050694 0.994842 0.087858 94.477829 -0.747505 -0.096135 0.657262 -6.874280 0.000000 0.000000 0.000000 1.000000
0.599489 -0.034566 0.799636 -0.721383 -0.057773 0.994592 0.086305 94.863907 -0.798295 -0.097936 0.594250 -6.174419 0.000000 0.000000 0.000000 1.000000
0.525469 -0.035844 0.850058 -0.215595 -0.063506 0.994673 0.081198 95.214203 -0.848440 -0.096650 0.520393 -5.555867 0.000000 0.000000 0.000000 1.000000
0.417097 -0.043142 0.907837 0.889836 -0.067851 0.994607 0.078439 95.188232 -0.906326 -0.094314 0.411921 -4.321341 0.000000 0.000000 0.000000 1.000000
0.328560 -0.049731 0.943173 1.931263 -0.067120 0.994859 0.075837 94.945602 -0.942095 -0.088222 0.323533 -3.267081 0.000000 0.000000 0.000000 1.000000
0.260176 -0.052463 0.964135 2.851981 -0.067311 0.995108 0.072313 94.849144 -0.963212 -0.083711 0.255372 -2.234113 0.000000 0.000000 0.000000 1.000000
0.202966 -0.053986 0.977696 3.547356 -0.066467 0.995416 0.068763 94.781494 -0.976927 -0.078941 0.198447 -1.411805 0.000000 0.000000 0.000000 1.000000
0.156749 -0.055347 0.986087 4.008864 -0.064393 0.995731 0.066124 94.692078 -0.985537 -0.073862 0.152516 -0.832541 0.000000 0.000000 0.000000 1.000000
0.124656 -0.056507 0.990590 4.285038 -0.063340 0.995887 0.064780 94.616066 -0.990176 -0.070819 0.120564 -0.431838 0.000000 0.000000 0.000000 1.000000
0.115626 -0.057402 0.991633 4.403023 -0.063156 0.995884 0.065012 94.577652 -0.991283 -0.070144 0.111524 -0.149156 0.000000 0.000000 0.000000 1.000000
0.110329 -0.057982 0.992202 4.426684 -0.062963 0.995884 0.065198 94.564743 -0.991899 -0.069665 0.106224 -0.115725 0.000000 0.000000 0.000000 1.000000</float_array><technique_common><accessor source="#newVegas_Hips-Matrix-animation-output-transform-array" count="29" stride="16"><param type="float4x4"/></accessor></technique_common></source><source id="newVegas_Hips-Interpolations"><Name_array id="newVegas_Hips-Interpolations-array" count="29">
 LINEAR LINEAR LINEAR LINEAR LINEAR LINEAR LINEAR LINEAR LINEAR LINEAR LINEAR
LINEAR LINEAR LINEAR LINEAR LINEAR LINEAR LINEAR LINEAR LINEAR LINEAR LINEAR LINEAR
LINEAR LINEAR LINEAR LINEAR LINEAR LINEAR</Name_array><technique_common><accessor source="#newVegas_Hips-Interpolations-array" count="29"><param type="name"/></accessor></technique_common></source><sampler id="newVegas_Hips-Matrix-animation-transform"><input semantic="INPUT" source="#newVegas_Hips-Matrix-animation-input"/><input semantic="OUTPUT" source="#newVegas_Hips-Matrix-animation-output-transform"/><input semantic="INTERPOLATION" source="#newVegas_Hips-Interpolations"/></sampler><channel source="#newVegas_Hips-Matrix-animation-transform" target="newVegas_Hips/matrix"/></animation>
    <animation id="newVegas_Pelvis-anim" name="newVegas_Pelvis"><source id="newVegas_Pelvis-Matrix-animation-input"><float_array id="newVegas_Pelvis-Matrix-animation-input-array" count="29">

0.000000 0.033333 0.066667 0.100000 0.133333 0.166667 0.200000 0.233333 0.266667 0.300000 0.333333 0.366667 0.400000 0.433333 0.466667 0.500000
0.533333 0.566667 0.600000 0.633333 0.666667 0.700000 0.733333 0.766667 0.800000 0.833333 0.866667 0.900000 0.933333</float_array><technique_common><accessor source="#newVegas_Pelvis-Matrix-animation-input-array" count="29"><param name="TIME" type="float"/></accessor></technique_common></source><source id="newVegas_Pelvis-Matrix-animation-output-transform"><float_array id="newVegas_Pelvis-Matrix-animation-output-transform-array" count="464">

1.000000 0.000000 -0.000000 0.000000 0.000000 1.000000 -0.000000 0.000000 -0.000000 0.000000 1.000000 0.000000 0.000000 0.000000 0.000000 1.000000
1.000000 0.000000 -0.000000 0.000000 0.000000 1.000000 0.000000 0.000000 -0.000000 0.000000 1.000000 0.000000 0.000000 0.000000 0.000000 1.000000
1.000000 -0.000000 -0.000000 0.000000 -0.000000 1.000000 -0.000000 0.000000 0.000000 0.000000 1.000000 0.000000 0.000000 0.000000 0.000000 1.000000
1.000000 0.000000 0.000000 0.000000 -0.000000 1.000000 0.000000 0.000000 0.000000 0.000000 1.000000 0.000000 0.000000 0.000000 0.000000 1.000000
1.000000 0.000000 0.000000 0.000000 0.000000 1.000000 -0.000000 0.000000 0.000000 0.000000 1.000000 0.000000 0.000000 0.000000 0.000000 1.000000
1.000000 0.000000 0.000000 0.000000 -0.000000 1.000000 0.000000 0.000000 0.000000 0.000000 1.000000 0.000000 0.000000 0.000000 0.000000 1.000000
1.000000 0.000000 -0.000000 0.000000 0.000000 1.000000 0.000000 0.000000 0.000000 0.000000 1.000000 0.000000 0.000000 0.000000 0.000000 1.000000
1.000000 0.000000 0.000000 0.000000 -0.000000 1.000000 -0.000000 0.000000 0.000000 0.000000 1.000000 0.000000 0.000000 0.000000 0.000000 1.000000
1.000000 -0.000000 0.000000 0.000000 0.000000 1.000000 0.000000 0.000000 0.000000 0.000000 1.000000 0.000000 0.000000 0.000000 0.000000 1.000000
1.000000 0.000000 0.000000 0.000000 -0.000000 1.000000 0.000000 0.000000 0.000000 -0.000000 1.000000 0.000000 0.000000 0.000000 0.000000 1.000000
1.000000 0.000000 0.000000 0.000000 -0.000000 1.000000 -0.000000 0.000000 0.000000 0.000000 1.000000 0.000000 0.000000 0.000000 0.000000 1.000000
1.000000 0.000000 0.000000 0.000000 0.000000 1.000000 0.000000 0.000000 0.000000 -0.000000 1.000000 0.000000 0.000000 0.000000 0.000000 1.000000
1.000000 0.000000 -0.000000 0.000000 0.000000 1.000000 0.000000 0.000000 -0.000000 -0.000000 1.000000 0.000000 0.000000 0.000000 0.000000 1.000000
1.000000 0.000000 0.000000 0.000000 -0.000000 1.000000 0.000000 0.000000 -0.000000 0.000000 1.000000 0.000000 0.000000 0.000000 0.000000 1.000000
1.000000 0.000000 -0.000000 0.000000 0.000000 1.000000 -0.000000 0.000000 0.000000 -0.000000 1.000000 0.000000 0.000000 0.000000 0.000000 1.000000
1.000000 0.000000 -0.000000 0.000000 0.000000 1.000000 0.000000 0.000000 -0.000000 0.000000 1.000000 0.000000 0.000000 0.000000 0.000000 1.000000
1.000000 0.000000 0.000000 0.000000 -0.000000 1.000000 -0.000000 0.000000 0.000000 0.000000 1.000000 0.000000 0.000000 0.000000 0.000000 1.000000
1.000000 0.000000 0.000000 0.000000 -0.000000 1.000000 0.000000 0.000000 0.000000 -0.000000 1.000000 0.000000 0.000000 0.000000 0.000000 1.000000
1.000000 0.000000 -0.000000 0.000000 0.000000 1.000000 -0.000000 0.000000 -0.000000 0.000000 1.000000 0.000000 0.000000 0.000000 0.000000 1.000000
1.000000 0.000000 0.000000 0.000000 -0.000000 1.000000 0.000000 0.000000 0.000000 0.000000 1.000000 0.000000 0.000000 0.000000 0.000000 1.000000
1.000000 0.000000 0.000000 0.000000 -0.000000 1.000000 0.000000 0.000000 -0.000000 -0.000000 1.000000 0.000000 0.000000 0.000000 0.000000 1.000000
1.000000 0.000000 -0.000000 0.000000 -0.000000 1.000000 0.000000 0.000000 0.000000 0.000000 1.000000 0.000000 0.000000 0.000000 0.000000 1.000000
1.000000 0.000000 0.000000 0.000000 0.000000 1.000000 0.000000 0.000000 -0.000000 0.000000 1.000000 0.000000 0.000000 0.000000 0.000000 1.000000
1.000000 0.000000 0.000000 0.000000 0.000000 1.000000 -0.000000 0.000000 0.000000 0.000000 1.000000 0.000000 0.000000 0.000000 0.000000 1.000000
1.000000 0.000000 0.000000 0.000000 0.000000 1.000000 0.000000 0.000000 0.000000 -0.000000 1.000000 0.000000 0.000000 0.000000 0.000000 1.000000
1.000000 -0.000000 0.000000 0.000000 0.000000 1.000000 -0.000000 0.000000 -0.000000 -0.000000 1.000000 0.000000 0.000000 0.000000 0.000000 1.000000
1.000000 0.000000 0.000000 0.000000 0.000000 1.000000 -0.000000 0.000000 -0.000000 0.000000 1.000000 0.000000 0.000000 0.000000 0.000000 1.000000
1.000000 0.000000 0.000000 0.000000 0.000000 1.000000 0.000000 0.000000 0.000000 -0.000000 1.000000 0.000000 0.000000 0.000000 0.000000 1.000000
1.000000 0.000000 0.000000 0.000000 -0.000000 1.000000 -0.000000 0.000000 0.000000 -0.000000 1.000000 0.000000 0.000000 0.000000 0.000000 1.000000</float_array><technique_common><accessor source="#newVegas_Pelvis-Matrix-animation-output-transform-array" count="29" stride="16"><param type="float4x4"/></accessor></technique_common></source><source id="newVegas_Pelvis-Interpolations"><Name_array id="newVegas_Pelvis-Interpolations-array" count="29">
 LINEAR LINEAR LINEAR LINEAR LINEAR LINEAR LINEAR LINEAR LINEAR LINEAR LINEAR
LINEAR LINEAR LINEAR LINEAR LINEAR LINEAR LINEAR LINEAR LINEAR LINEAR LINEAR LINEAR
LINEAR LINEAR LINEAR LINEAR LINEAR LINEAR</Name_array><technique_common><accessor source="#newVegas_Pelvis-Interpolations-array" count="29"><param type="name"/></accessor></technique_common></source><sampler id="newVegas_Pelvis-Matrix-animation-transform"><input semantic="INPUT" source="#newVegas_Pelvis-Matrix-animation-input"/><input semantic="OUTPUT" source="#newVegas_Pelvis-Matrix-animation-output-transform"/><input semantic="INTERPOLATION" source="#newVegas_Pelvis-Interpolations"/></sampler><channel source="#newVegas_Pelvis-Matrix-animation-transform" target="newVegas_Pelvis/matrix"/></animation>
    <animation id="newVegas_LeftUpLeg-anim" name="newVegas_LeftUpLeg"><source id="newVegas_LeftUpLeg-Matrix-animation-input"><float_array id="newVegas_LeftUpLeg-Matrix-animation-input-array" count="29">

0.000000 0.033333 0.066667 0.100000 0.133333 0.166667 0.200000 0.233333 0.266667 0.300000 0.333333 0.366667 0.400000 0.433333 0.466667 0.500000
0.533333 0.566667 0.600000 0.633333 0.666667 0.700000 0.733333 0.766667 0.800000 0.833333 0.866667 0.900000 0.933333</float_array><technique_common><accessor source="#newVegas_LeftUpLeg-Matrix-animation-input-array" count="29"><param name="TIME" type="float"/></accessor></technique_common></source><source id="newVegas_LeftUpLeg-Matrix-animation-output-transform"><float_array id="newVegas_LeftUpLeg-Matrix-animation-output-transform-array" count="464">

-0.818019 0.293747 0.494527 18.735201 -0.105674 -0.921878 0.372792 -5.666700 0.565400 0.252693 0.785155 -4.541200 0.000000 0.000000 0.000000 1.000000
-0.816238 0.312952 0.485610 18.735201 -0.098137 -0.903462 0.417284 -5.666700 0.569320 0.292946 0.768152 -4.541200 0.000000 0.000000 0.000000 1.000000
-0.811559 0.347545 0.469665 18.735201 -0.106318 -0.878271 0.466193 -5.666700 0.574516 0.328409 0.749719 -4.541200 0.000000 0.000000 0.000000 1.000000
-0.803958 0.372159 0.463842 18.735201 -0.119210 -0.865001 0.487403 -5.666700 0.582615 0.336557 0.739790 -4.541200 0.000000 0.000000 0.000000 1.000000
-0.797366 0.374122 0.473540 18.735201 -0.127939 -0.871617 0.473197 -5.666700 0.589779 0.316727 0.742863 -4.541200 0.000000 0.000000 0.000000 1.000000
-0.791995 0.375166 0.481658 18.735201 -0.157203 -0.887633 0.432891 -5.666700 0.589942 0.267130 0.761978 -4.541200 0.000000 0.000000 0.000000 1.000000
-0.790581 0.361595 0.494198 18.735201 -0.174958 -0.906780 0.383588 -5.666700 0.586832 0.216793 0.780147 -4.541200 0.000000 0.000000 0.000000 1.000000
-0.795531 0.335768 0.504371 18.735201 -0.175667 -0.924474 0.338362 -5.666700 0.579889 0.180576 0.794431 -4.541200 0.000000 0.000000 0.000000 1.000000
-0.802831 0.299076 0.515768 18.735201 -0.170811 -0.944198 0.281627 -5.666700 0.571215 0.138000 0.809116 -4.541200 0.000000 0.000000 0.000000 1.000000
-0.800191 0.257982 0.541424 18.735201 -0.166513 -0.962829 0.212681 -5.666700 0.576167 0.080031 0.813404 -4.541200 0.000000 0.000000 0.000000 1.000000
-0.788920 0.214002 0.576028 18.735201 -0.162145 -0.976673 0.140776 -5.666700 0.592718 0.017660 0.805216 -4.541200 0.000000 0.000000 0.000000 1.000000
-0.786089 0.166846 0.595169 18.735201 -0.145142 -0.985783 0.084647 -5.666700 0.600831 -0.019844 0.799130 -4.541200 0.000000 0.000000 0.000000 1.000000
-0.790225 0.152391 0.593567 18.735201 -0.124188 -0.988313 0.088404 -5.666700 0.600101 -0.003855 0.799915 -4.541200 0.000000 0.000000 0.000000 1.000000
-0.790021 0.141778 0.596461 18.735201 -0.097505 -0.989566 0.106071 -5.666700 0.605276 0.025640 0.795603 -4.541200 0.000000 0.000000 0.000000 1.000000
-0.800939 0.138829 0.582429 18.735201 -0.082846 -0.989087 0.121834 -5.666700 0.592987 0.049329 0.803700 -4.541200 0.000000 0.000000 0.000000 1.000000
-0.808896 0.142528 0.570415 18.735201 -0.071132 -0.986770 0.145690 -5.666700 0.583634 0.077274 0.808332 -4.541200 0.000000 0.000000 0.000000 1.000000
-0.813250 0.153829 0.561213 18.735201 -0.064120 -0.982243 0.176317 -5.666700 0.578370 0.107405 0.808673 -4.541200 0.000000 0.000000 0.000000 1.000000
-0.815099 0.167850 0.554472 18.735201 -0.064235 -0.977391 0.201447 -5.666700 0.575749 0.128583 0.807453 -4.541200 0.000000 0.000000 0.000000 1.000000
-0.815108 0.180660 0.550419 18.735201 -0.069651 -0.973800 0.216477 -5.666700 0.575107 0.138115 0.806335 -4.541200 0.000000 0.000000 0.000000 1.000000
-0.814789 0.194044 0.546320 18.735201 -0.076571 -0.970088 0.230361 -5.666700 0.574679 0.145864 0.805275 -4.541200 0.000000 0.000000 0.000000 1.000000
-0.816275 0.206322 0.539561 18.735201 -0.079971 -0.965408 0.248177 -5.666700 0.572101 0.159431 0.804538 -4.541200 0.000000 0.000000 0.000000 1.000000
-0.818334 0.229788 0.526809 18.735201 -0.087004 -0.955563 0.281656 -5.666700 0.568120 0.184654 0.801962 -4.541200 0.000000 0.000000 0.000000 1.000000
-0.822563 0.244787 0.513293 18.735201 -0.088626 -0.946766 0.309483 -5.666700 0.561726 0.209078 0.800469 -4.541200 0.000000 0.000000 0.000000 1.000000
-0.820865 0.257122 0.509970 18.735201 -0.091053 -0.940423 0.327589 -5.666700 0.563818 0.222472 0.795371 -4.541200 0.000000 0.000000 0.000000 1.000000
-0.819272 0.265928 0.508012 18.735201 -0.091248 -0.935130 0.342354 -5.666700 0.566099 0.234126 0.790391 -4.541200 0.000000 0.000000 0.000000 1.000000
-0.819364 0.271884 0.504700 18.735201 -0.090054 -0.930496 0.355061 -5.666700 0.566156 0.245473 0.786899 -4.541200 0.000000 0.000000 0.000000 1.000000
-0.819605 0.277695 0.501131 18.735201 -0.090496 -0.926452 0.365374 -5.666700 0.565736 0.254112 0.784455 -4.541200 0.000000 0.000000 0.000000 1.000000
-0.818229 0.286605 0.498355 18.735201 -0.098486 -0.923934 0.369656 -5.666700 0.566393 0.253382 0.784217 -4.541200 0.000000 0.000000 0.000000 1.000000
-0.818024 0.293724 0.494533 18.735201 -0.105645 -0.921881 0.372794 -5.666700 0.565399 0.252709 0.785151 -4.541200 0.000000 0.000000 0.000000 1.000000</float_array><technique_common><accessor source="#newVegas_LeftUpLeg-Matrix-animation-output-transform-array" count="29" stride="16"><param type="float4x4"/></accessor></technique_common></source><source id="newVegas_LeftUpLeg-Interpolations"><Name_array id="newVegas_LeftUpLeg-Interpolations-array" count="29">
 LINEAR LINEAR LINEAR LINEAR LINEAR LINEAR LINEAR LINEAR LINEAR LINEAR LINEAR
LINEAR LINEAR LINEAR LINEAR LINEAR LINEAR LINEAR LINEAR LINEAR LINEAR LINEAR LINEAR
LINEAR LINEAR LINEAR LINEAR LINEAR LINEAR</Name_array><technique_common><accessor source="#newVegas_LeftUpLeg-Interpolations-array" count="29"><param type="name"/></accessor></technique_common></source><sampler id="newVegas_LeftUpLeg-Matrix-animation-transform"><input semantic="INPUT" source="#newVegas_LeftUpLeg-Matrix-animation-input"/><input semantic="OUTPUT" source="#newVegas_LeftUpLeg-Matrix-animation-output-transform"/><input semantic="INTERPOLATION" source="#newVegas_LeftUpLeg-Interpolations"/></sampler><channel source="#newVegas_LeftUpLeg-Matrix-animation-transform" target="newVegas_LeftUpLeg/matrix"/></animation>
    <animation id="newVegas_LeftLeg-anim" name="newVegas_LeftLeg"><source id="newVegas_LeftLeg-Matrix-animation-input"><float_array id="newVegas_LeftLeg-Matrix-animation-input-array" count="29">

0.000000 0.033333 0.066667 0.100000 0.133333 0.166667 0.200000 0.233333 0.266667 0.300000 0.333333 0.366667 0.400000 0.433333 0.466667 0.500000
0.533333 0.566667 0.600000 0.633333 0.666667 0.700000 0.733333 0.766667 0.800000 0.833333 0.866667 0.900000 0.933333</float_array><technique_common><accessor source="#newVegas_LeftLeg-Matrix-animation-input-array" count="29"><param name="TIME" type="float"/></accessor></technique_common></source><source id="newVegas_LeftLeg-Matrix-animation-output-transform"><float_array id="newVegas_LeftLeg-Matrix-animation-output-transform-array" count="464">

0.983025 -0.147819 0.108678 -0.255500 0.059190 0.816187 0.574748 31.940800 -0.173661 -0.558559 0.811082 0.083000 0.000000 0.000000 0.000000 1.000000
0.985933 -0.116471 0.119874 -0.255500 0.024428 0.809927 0.586022 31.940800 -0.165344 -0.574851 0.801379 0.083000 0.000000 0.000000 0.000000 1.000000
0.986726 -0.089110 0.135759 -0.255500 -0.012303 0.792573 0.609653 31.940800 -0.161926 -0.603231 0.780956 0.083000 0.000000 0.000000 0.000000 1.000000
0.985843 -0.060995 0.156184 -0.255500 -0.050593 0.779861 0.623905 31.940800 -0.159857 -0.622974 0.765734 0.083000 0.000000 0.000000 0.000000 1.000000
0.984726 -0.029699 0.171558 -0.255500 -0.086573 0.771380 0.630458 31.940800 -0.151061 -0.635681 0.757027 0.083000 0.000000 0.000000 0.000000 1.000000
0.999113 0.030073 0.029476 -0.255500 -0.041967 0.768715 0.638213 31.940800 -0.003466 -0.638884 0.769295 0.083000 0.000000 0.000000 0.000000 1.000000
0.998274 0.057403 -0.012412 -0.255500 -0.036058 0.765876 0.641977 31.940800 0.046357 -0.640421 0.766624 0.083000 0.000000 0.000000 0.000000 1.000000
0.995588 0.082116 -0.045400 -0.255500 -0.032867 0.758390 0.650972 31.940800 0.087886 -0.646608 0.757743 0.083000 0.000000 0.000000 0.000000 1.000000
0.994232 0.093788 -0.052025 -0.255500 -0.037676 0.759583 0.649319 31.940800 0.100416 -0.643613 0.758735 0.083000 0.000000 0.000000 0.000000 1.000000
0.992359 0.097376 -0.075773 -0.255500 -0.028011 0.775888 0.630249 31.940800 0.120162 -0.623311 0.772687 0.083000 0.000000 0.000000 0.000000 1.000000
0.994181 0.073858 -0.078422 -0.255500 -0.013553 0.807942 0.589107 31.940800 0.106871 -0.584616 0.804241 0.083000 0.000000 0.000000 0.000000 1.000000
0.994550 0.029463 -0.100007 -0.255500 0.028342 0.846708 0.531303 31.940800 0.100330 -0.531242 0.841259 0.083000 0.000000 0.000000 0.000000 1.000000
0.989640 -0.025463 -0.141295 -0.255500 0.095404 0.852068 0.514663 31.940800 0.107288 -0.522811 0.845670 0.083000 0.000000 0.000000 0.000000 1.000000
0.988413 -0.064659 -0.137324 -0.255500 0.127148 0.846834 0.516436 31.940800 0.082899 -0.527912 0.845243 0.083000 0.000000 0.000000 0.000000 1.000000
0.985002 -0.070259 -0.157588 -0.255500 0.144463 0.835232 0.530582 31.940800 0.094345 -0.545391 0.832855 0.083000 0.000000 0.000000 0.000000 1.000000
0.980703 -0.086029 -0.175557 -0.255500 0.170087 0.818202 0.549195 31.940800 0.096394 -0.568457 0.817046 0.083000 0.000000 0.000000 0.000000 1.000000
0.977687 -0.110052 -0.178932 -0.255500 0.194052 0.799356 0.568660 31.940800 0.080448 -0.590694 0.802875 0.083000 0.000000 0.000000 0.000000 1.000000
0.974774 -0.128250 -0.182668 -0.255500 0.211746 0.790134 0.575197 31.940800 0.070563 -0.599366 0.797359 0.083000 0.000000 0.000000 0.000000 1.000000
0.972754 -0.140326 -0.184547 -0.255500 0.221908 0.794045 0.565906 31.940800 0.067127 -0.591440 0.803550 0.083000 0.000000 0.000000 0.000000 1.000000
0.971605 -0.147402 -0.185086 -0.255500 0.226340 0.806973 0.545495 31.940800 0.068952 -0.571898 0.817422 0.083000 0.000000 0.000000 0.000000 1.000000
0.971548 -0.148086 -0.184839 -0.255500 0.224985 0.820899 0.524888 31.940800 0.074006 -0.551539 0.830860 0.083000 0.000000 0.000000 0.000000 1.000000
0.970470 -0.153406 -0.186157 -0.255500 0.230497 0.817286 0.528123 31.940800 0.071126 -0.555436 0.828512 0.083000 0.000000 0.000000 0.000000 1.000000
0.979158 -0.158712 -0.126730 -0.255500 0.202574 0.808092 0.553129 31.940800 0.014621 -0.567273 0.823400 0.083000 0.000000 0.000000 0.000000 1.000000
0.984398 -0.167753 -0.053098 -0.255500 0.168201 0.808545 0.563882 31.940800 -0.051660 -0.564016 0.824146 0.083000 0.000000 0.000000 0.000000 1.000000
0.984807 -0.173430 0.008835 -0.255500 0.137904 0.811971 0.567173 31.940800 -0.105538 -0.557337 0.823551 0.083000 0.000000 0.000000 0.000000 1.000000
0.983107 -0.174022 0.056724 -0.255500 0.111349 0.814596 0.569241 31.940800 -0.145267 -0.553308 0.820212 0.083000 0.000000 0.000000 0.000000 1.000000
0.980991 -0.172110 0.089639 -0.255500 0.090906 0.815691 0.571301 31.940800 -0.171445 -0.552292 0.815831 0.083000 0.000000 0.000000 0.000000 1.000000
0.981409 -0.162558 0.102039 -0.255500 0.075622 0.816149 0.572872 31.940800 -0.176403 -0.554505 0.813269 0.083000 0.000000 0.000000 0.000000 1.000000
0.983028 -0.147797 0.108680 -0.255500 0.059186 0.816236 0.574678 31.940800 -0.173644 -0.558493 0.811131 0.083000 0.000000 0.000000 0.000000 1.000000</float_array><technique_common><accessor source="#newVegas_LeftLeg-Matrix-animation-output-transform-array" count="29" stride="16"><param type="float4x4"/></accessor></technique_common></source><source id="newVegas_LeftLeg-Interpolations"><Name_array id="newVegas_LeftLeg-Interpolations-array" count="29">
 LINEAR LINEAR LINEAR LINEAR LINEAR LINEAR LINEAR LINEAR LINEAR LINEAR LINEAR
LINEAR LINEAR LINEAR LINEAR LINEAR LINEAR LINEAR LINEAR LINEAR LINEAR LINEAR LINEAR
LINEAR LINEAR LINEAR LINEAR LINEAR LINEAR</Name_array><technique_common><accessor source="#newVegas_LeftLeg-Interpolations-array" count="29"><param type="name"/></accessor></technique_common></source><sampler id="newVegas_LeftLeg-Matrix-animation-transform"><input semantic="INPUT" source="#newVegas_LeftLeg-Matrix-animation-input"/><input semantic="OUTPUT" source="#newVegas_LeftLeg-Matrix-animation-output-transform"/><input semantic="INTERPOLATION" source="#newVegas_LeftLeg-Interpolations"/></sampler><channel source="#newVegas_LeftLeg-Matrix-animation-transform" target="newVegas_LeftLeg/matrix"/></animation>
    <animation id="newVegas_LeftFoot-anim" name="newVegas_LeftFoot"><source id="newVegas_LeftFoot-Matrix-animation-input"><float_array id="newVegas_LeftFoot-Matrix-animation-input-array" count="29">

0.000000 0.033333 0.066667 0.100000 0.133333 0.166667 0.200000 0.233333 0.266667 0.300000 0.333333 0.366667 0.400000 0.433333 0.466667 0.500000
0.533333 0.566667 0.600000 0.633333 0.666667 0.700000 0.733333 0.766667 0.800000 0.833333 0.866667 0.900000 0.933333</float_array><technique_common><accessor source="#newVegas_LeftFoot-Matrix-animation-input-array" count="29"><param name="TIME" type="float"/></accessor></technique_common></source><source id="newVegas_LeftFoot-Matrix-animation-output-transform"><float_array id="newVegas_LeftFoot-Matrix-animation-output-transform-array" count="464">

0.988418 0.149203 0.027717 0.002600 -0.039689 0.430441 -0.901746 32.231098 -0.146474 0.890202 0.431377 -0.064900 0.000000 0.000000 0.000000 1.000000
0.981071 0.184455 0.058960 0.002600 -0.031580 0.452788 -0.891059 32.231098 -0.191057 0.872330 0.450042 -0.064900 0.000000 0.000000 0.000000 1.000000
0.972187 0.233433 0.018988 0.002600 -0.094623 0.465655 -0.879893 32.231098 -0.214238 0.853624 0.474792 -0.064900 0.000000 0.000000 0.000000 1.000000
0.973179 0.224963 -0.048107 0.002600 -0.150998 0.466880 -0.871334 32.231098 -0.173558 0.855228 0.488326 -0.064900 0.000000 0.000000 0.000000 1.000000
0.989014 0.088668 -0.118278 0.002600 -0.146517 0.481862 -0.863911 32.231098 -0.019607 0.871749 0.489559 -0.064900 0.000000 0.000000 0.000000 1.000000
0.987271 -0.010894 -0.158675 0.002600 -0.130595 0.513913 -0.847843 32.231098 0.090782 0.857773 0.505949 -0.064900 0.000000 0.000000 0.000000 1.000000
0.932904 -0.198254 -0.300642 0.002600 -0.152962 0.537639 -0.829184 32.231098 0.326026 0.819536 0.471241 -0.064900 0.000000 0.000000 0.000000 1.000000
0.882800 -0.321550 -0.342446 0.002600 -0.141781 0.512613 -0.846833 32.231098 0.447841 0.796137 0.406945 -0.064900 0.000000 0.000000 0.000000 1.000000
0.857339 -0.382903 -0.344029 0.002600 -0.155859 0.443869 -0.882433 32.231098 0.490590 0.810164 0.320868 -0.064900 0.000000 0.000000 0.000000 1.000000
0.857346 -0.399488 -0.324604 0.002600 -0.178044 0.361542 -0.915198 32.231098 0.482969 0.842435 0.238840 -0.064900 0.000000 0.000000 0.000000 1.000000
0.856811 -0.404508 -0.319762 0.002600 -0.207484 0.297246 -0.931984 32.231098 0.472044 0.864880 0.170755 -0.064900 0.000000 0.000000 0.000000 1.000000
0.856175 -0.397729 -0.329812 0.002600 -0.232949 0.272627 -0.933493 32.231098 0.461193 0.876063 0.140766 -0.064900 0.000000 0.000000 0.000000 1.000000
0.864197 -0.348931 -0.362507 0.002600 -0.254926 0.317507 -0.913347 32.231098 0.433794 0.881723 0.185437 -0.064900 0.000000 0.000000 0.000000 1.000000
0.872131 -0.323237 -0.367294 0.002600 -0.245294 0.360676 -0.899857 32.231098 0.423342 0.874889 0.235269 -0.064900 0.000000 0.000000 0.000000 1.000000
0.893349 -0.294369 -0.339519 0.002600 -0.228493 0.353016 -0.907287 32.231098 0.386933 0.888103 0.248105 -0.064900 0.000000 0.000000 0.000000 1.000000
0.915256 -0.255229 -0.311712 0.002600 -0.215123 0.344567 -0.913781 32.231098 0.340629 0.903400 0.260462 -0.064900 0.000000 0.000000 0.000000 1.000000
0.934591 -0.210843 -0.286504 0.002600 -0.205043 0.338849 -0.918226 32.231098 0.290683 0.916912 0.273453 -0.064900 0.000000 0.000000 0.000000 1.000000
0.955496 -0.151985 -0.252840 0.002600 -0.189644 0.340056 -0.921085 32.231098 0.225971 0.928042 0.296099 -0.064900 0.000000 0.000000 0.000000 1.000000
0.973303 -0.088322 -0.211849 0.002600 -0.168920 0.349249 -0.921678 32.231098 0.155393 0.932858 0.325006 -0.064900 0.000000 0.000000 0.000000 1.000000
0.986530 -0.020872 -0.162244 0.002600 -0.143504 0.365666 -0.919617 32.231098 0.078521 0.930512 0.357745 -0.064900 0.000000 0.000000 0.000000 1.000000
0.993556 0.048562 -0.102416 0.002600 -0.113232 0.384681 -0.916078 32.231098 -0.005089 0.921771 0.387701 -0.064900 0.000000 0.000000 0.000000 1.000000
0.988489 0.147959 -0.031598 0.002600 -0.087903 0.391665 -0.915899 32.231098 -0.123139 0.908134 0.400163 -0.064900 0.000000 0.000000 0.000000 1.000000
0.986156 0.165652 -0.007477 0.002600 -0.072873 0.392438 -0.916887 32.231098 -0.148949 0.904739 0.399076 -0.064900 0.000000 0.000000 0.000000 1.000000
0.986583 0.163253 -0.001359 0.002600 -0.067390 0.399644 -0.914190 32.231098 -0.148701 0.902016 0.405284 -0.064900 0.000000 0.000000 0.000000 1.000000
0.986960 0.160899 0.004624 0.002600 -0.062536 0.409748 -0.910053 32.231098 -0.148321 0.897897 0.414467 -0.064900 0.000000 0.000000 0.000000 1.000000
0.987425 0.157681 0.011372 0.002600 -0.056548 0.419454 -0.906014 32.231098 -0.147631 0.893977 0.423095 -0.064900 0.000000 0.000000 0.000000 1.000000
0.987782 0.154943 0.016696 0.002600 -0.051649 0.426572 -0.902978 32.231098 -0.147032 0.891083 0.429363 -0.064900 0.000000 0.000000 0.000000 1.000000
0.987984 0.153248 0.020073 0.002600 -0.048173 0.428737 -0.902144 32.231098 -0.146858 0.890337 0.430967 -0.064900 0.000000 0.000000 0.000000 1.000000
0.988421 0.149169 0.027806 0.002600 -0.039626 0.430641 -0.901653 32.231098 -0.146473 0.890111 0.431565 -0.064900 0.000000 0.000000 0.000000 1.000000</float_array><technique_common><accessor source="#newVegas_LeftFoot-Matrix-animation-output-transform-array" count="29" stride="16"><param type="float4x4"/></accessor></technique_common></source><source id="newVegas_LeftFoot-Interpolations"><Name_array id="newVegas_LeftFoot-Interpolations-array" count="29">
 LINEAR LINEAR LINEAR LINEAR LINEAR LINEAR LINEAR LINEAR LINEAR LINEAR LINEAR
LINEAR LINEAR LINEAR LINEAR LINEAR LINEAR LINEAR LINEAR LINEAR LINEAR LINEAR LINEAR
LINEAR LINEAR LINEAR LINEAR LINEAR LINEAR</Name_array><technique_common><accessor source="#newVegas_LeftFoot-Interpolations-array" count="29"><param type="name"/></accessor></technique_common></source><sampler id="newVegas_LeftFoot-Matrix-animation-transform"><input semantic="INPUT" source="#newVegas_LeftFoot-Matrix-animation-input"/><input semantic="OUTPUT" source="#newVegas_LeftFoot-Matrix-animation-output-transform"/><input semantic="INTERPOLATION" source="#newVegas_LeftFoot-Interpolations"/></sampler><channel source="#newVegas_LeftFoot-Matrix-animation-transform" target="newVegas_LeftFoot/matrix"/></animation>
    <animation id="newVegas_RightUpLeg-anim" name="newVegas_RightUpLeg"><source id="newVegas_RightUpLeg-Matrix-animation-input"><float_array id="newVegas_RightUpLeg-Matrix-animation-input-array" count="29">

0.000000 0.033333 0.066667 0.100000 0.133333 0.166667 0.200000 0.233333 0.266667 0.300000 0.333333 0.366667 0.400000 0.433333 0.466667 0.500000
0.533333 0.566667 0.600000 0.633333 0.666667 0.700000 0.733333 0.766667 0.800000 0.833333 0.866667 0.900000 0.933333</float_array><technique_common><accessor source="#newVegas_RightUpLeg-Matrix-animation-input-array" count="29"><param name="TIME" type="float"/></accessor></technique_common></source><source id="newVegas_RightUpLeg-Matrix-animation-output-transform"><float_array id="newVegas_RightUpLeg-Matrix-animation-output-transform-array" count="464">

-0.982615 0.058760 -0.176109 -18.735201 -0.056664 -0.998250 -0.016912 -5.666700 -0.176794 -0.006639 0.984225 -4.541200 0.000000 0.000000 0.000000 1.000000
-0.969730 0.049378 -0.239134 -18.735201 -0.051141 -0.998691 0.001166 -5.666700 -0.238763 0.013360 0.970986 -4.541200 0.000000 0.000000 0.000000 1.000000
-0.951973 0.037984 -0.303816 -18.735201 -0.046282 -0.998725 0.020155 -5.666700 -0.302663 0.033248 0.952518 -4.541200 0.000000 0.000000 0.000000 1.000000
-0.929940 0.031215 -0.366384 -18.735201 -0.044584 -0.998611 0.028081 -5.666700 -0.364999 0.042449 0.930040 -4.541200 0.000000 0.000000 0.000000 1.000000
-0.904754 0.034168 -0.424562 -18.735201 -0.042754 -0.999028 0.010711 -5.666700 -0.423783 0.027843 0.905336 -4.541200 0.000000 0.000000 0.000000 1.000000
-0.878840 0.046751 -0.474820 -18.735201 -0.041468 -0.998906 -0.021600 -5.666700 -0.475311 0.000707 0.879818 -4.541200 0.000000 0.000000 0.000000 1.000000
-0.854747 0.059081 -0.515671 -18.735201 -0.044053 -0.998173 -0.041344 -5.666700 -0.517171 -0.012622 0.855789 -4.541200 0.000000 0.000000 0.000000 1.000000
-0.831726 0.066786 -0.551155 -18.735201 -0.048610 -0.997686 -0.047538 -5.666700 -0.553054 -0.012747 0.833048 -4.541200 0.000000 0.000000 0.000000 1.000000
-0.806914 0.069647 -0.586548 -18.735201 -0.050432 -0.997521 -0.049067 -5.666700 -0.588512 -0.010012 0.808427 -4.541200 0.000000 0.000000 0.000000 1.000000
-0.780184 0.067978 -0.621846 -18.735201 -0.049903 -0.997673 -0.046452 -5.666700 -0.623557 -0.005209 0.781761 -4.541200 0.000000 0.000000 0.000000 1.000000
-0.754763 0.062603 -0.653003 -18.735201 -0.048750 -0.998036 -0.039334 -5.666700 -0.654184 0.002146 0.756333 -4.541200 0.000000 0.000000 0.000000 1.000000
-0.733325 0.054922 -0.677656 -18.735201 -0.044515 -0.998472 -0.032751 -5.666700 -0.678419 0.006149 0.734649 -4.541200 0.000000 0.000000 0.000000 1.000000
-0.714681 0.041653 -0.698209 -18.735201 -0.035003 -0.999104 -0.023775 -5.666700 -0.698574 0.007448 0.715499 -4.541200 0.000000 0.000000 0.000000 1.000000
-0.789348 0.005591 -0.613921 -18.735201 -0.054924 -0.996592 0.061542 -5.666700 -0.611485 0.082297 0.786965 -4.541200 0.000000 0.000000 0.000000 1.000000
-0.900448 -0.018037 -0.434589 -18.735201 -0.072558 -0.978912 0.190964 -5.666700 -0.428868 0.203486 0.880151 -4.541200 0.000000 0.000000 0.000000 1.000000
-0.934432 -0.056956 -0.351559 -18.735201 -0.047922 -0.958044 0.282588 -5.666700 -0.352904 0.280906 0.892497 -4.541200 0.000000 0.000000 0.000000 1.000000
-0.934383 -0.092824 -0.343966 -18.735201 -0.031856 -0.939828 0.340161 -5.666700 -0.354844 0.328797 0.875202 -4.541200 0.000000 0.000000 0.000000 1.000000
-0.943657 -0.098366 -0.315968 -18.735201 -0.023002 -0.932995 0.359154 -5.666700 -0.330125 0.346186 0.878165 -4.541200 0.000000 0.000000 0.000000 1.000000
-0.960136 -0.067919 -0.271156 -18.735201 -0.032886 -0.935850 0.350860 -5.666700 -0.277592 0.345791 0.896310 -4.541200 0.000000 0.000000 0.000000 1.000000
-0.976771 -0.012262 -0.213933 -18.735201 -0.057005 -0.947518 0.314580 -5.666700 -0.206563 0.319468 0.924809 -4.541200 0.000000 0.000000 0.000000 1.000000
-0.988494 0.024737 -0.149221 -18.735201 -0.065237 -0.959785 0.273050 -5.666700 -0.136466 0.279643 0.950356 -4.541200 0.000000 0.000000 0.000000 1.000000
-0.989046 0.022094 -0.145948 -18.735201 -0.049779 -0.980740 0.188869 -5.666700 -0.138964 0.194065 0.971096 -4.541200 0.000000 0.000000 0.000000 1.000000
-0.985578 0.014282 -0.168617 -18.735201 -0.032145 -0.994090 0.103688 -5.666700 -0.166139 0.107613 0.980213 -4.541200 0.000000 0.000000 0.000000 1.000000
-0.984366 0.023628 -0.174542 -18.735201 -0.034178 -0.997749 0.057689 -5.666700 -0.172786 0.062753 0.982958 -4.541200 0.000000 0.000000 0.000000 1.000000
-0.983923 0.035582 -0.175014 -18.735201 -0.040877 -0.998806 0.026738 -5.666700 -0.173854 0.033462 0.984203 -4.541200 0.000000 0.000000 0.000000 1.000000
-0.983508 0.044662 -0.175261 -18.735201 -0.046392 -0.998907 0.005779 -5.666700 -0.174811 0.013814 0.984505 -4.541200 0.000000 0.000000 0.000000 1.000000
-0.983056 0.052676 -0.175576 -18.735201 -0.051871 -0.998612 -0.009172 -5.666700 -0.175816 0.000091 0.984423 -4.541200 0.000000 0.000000 0.000000 1.000000
-0.982686 0.057789 -0.176038 -18.735201 -0.056047 -0.998318 -0.014856 -5.666700 -0.176600 -0.004732 0.984271 -4.541200 0.000000 0.000000 0.000000 1.000000
-0.982616 0.058731 -0.176114 -18.735201 -0.056664 -0.998253 -0.016751 -5.666700 -0.176790 -0.006480 0.984227 -4.541200 0.000000 0.000000 0.000000 1.000000</float_array><technique_common><accessor source="#newVegas_RightUpLeg-Matrix-animation-output-transform-array" count="29" stride="16"><param type="float4x4"/></accessor></technique_common></source><source id="newVegas_RightUpLeg-Interpolations"><Name_array id="newVegas_RightUpLeg-Interpolations-array" count="29">
 LINEAR LINEAR LINEAR LINEAR LINEAR LINEAR LINEAR LINEAR LINEAR LINEAR LINEAR
LINEAR LINEAR LINEAR LINEAR LINEAR LINEAR LINEAR LINEAR LINEAR LINEAR LINEAR LINEAR
LINEAR LINEAR LINEAR LINEAR LINEAR LINEAR</Name_array><technique_common><accessor source="#newVegas_RightUpLeg-Interpolations-array" count="29"><param type="name"/></accessor></technique_common></source><sampler id="newVegas_RightUpLeg-Matrix-animation-transform"><input semantic="INPUT" source="#newVegas_RightUpLeg-Matrix-animation-input"/><input semantic="OUTPUT" source="#newVegas_RightUpLeg-Matrix-animation-output-transform"/><input semantic="INTERPOLATION" source="#newVegas_RightUpLeg-Interpolations"/></sampler><channel source="#newVegas_RightUpLeg-Matrix-animation-transform" target="newVegas_RightUpLeg/matrix"/></animation>
    <animation id="newVegas_RightLeg-anim" name="newVegas_RightLeg"><source id="newVegas_RightLeg-Matrix-animation-input"><float_array id="newVegas_RightLeg-Matrix-animation-input-array" count="29">

0.000000 0.033333 0.066667 0.100000 0.133333 0.166667 0.200000 0.233333 0.266667 0.300000 0.333333 0.366667 0.400000 0.433333 0.466667 0.500000
0.533333 0.566667 0.600000 0.633333 0.666667 0.700000 0.733333 0.766667 0.800000 0.833333 0.866667 0.900000 0.933333</float_array><technique_common><accessor source="#newVegas_RightLeg-Matrix-animation-input-array" count="29"><param name="TIME" type="float"/></accessor></technique_common></source><source id="newVegas_RightLeg-Matrix-animation-output-transform"><float_array id="newVegas_RightLeg-Matrix-animation-output-transform-array" count="464">

0.984340 0.040893 0.171469 0.255500 -0.094425 0.943715 0.316996 31.940800 -0.148855 -0.328223 0.932798 0.083000 0.000000 0.000000 0.000000 1.000000
0.984039 0.040496 0.173283 0.255500 -0.099277 0.933073 0.345715 31.940800 -0.147685 -0.357400 0.922201 0.083000 0.000000 0.000000 0.000000 1.000000
0.983905 0.041007 0.173923 0.255500 -0.106012 0.917475 0.383406 31.940800 -0.143848 -0.395673 0.907056 0.083000 0.000000 0.000000 0.000000 1.000000
0.983876 0.041491 0.173972 0.255500 -0.109438 0.909024 0.402118 31.940800 -0.141460 -0.414674 0.898908 0.083000 0.000000 0.000000 0.000000 1.000000
0.983900 0.041214 0.173904 0.255500 -0.104112 0.923070 0.370273 31.940800 -0.145265 -0.382417 0.912499 0.083000 0.000000 0.000000 0.000000 1.000000
0.984207 0.041117 0.172178 0.255500 -0.093277 0.947121 0.307019 31.940800 -0.150450 -0.318230 0.935999 0.083000 0.000000 0.000000 0.000000 1.000000
0.984428 0.041346 0.170855 0.255500 -0.087046 0.959071 0.269453 31.940800 -0.152722 -0.280129 0.947736 0.083000 0.000000 0.000000 0.000000 1.000000
0.984440 0.041373 0.170780 0.255500 -0.085286 0.962237 0.258509 31.940800 -0.153635 -0.269052 0.950793 0.083000 0.000000 0.000000 0.000000 1.000000
0.984445 0.041483 0.170723 0.255500 -0.084807 0.963220 0.254982 31.940800 -0.153866 -0.265494 0.951755 0.083000 0.000000 0.000000 0.000000 1.000000
