<?xml version="1.0" encoding="utf-8"?>
<COLLADA xmlns="http://www.collada.org/2005/11/COLLADASchema" version="1.4.1">
  <asset><contributor><author>Mixamo</author><authoring_tool>COLLADA Mixamo exporter</authoring_tool><comments></comments></contributor><created>2017-03-27T20:55:36Z</created><modified>2017-03-27T20:55:36Z</modified><revision></revision><title></title><unit meter="0.010000"/><up_axis>Y_UP</up_axis></asset>
  <library_animations>
    <animation id="newVegas_Hips-anim" name="newVegas_Hips"><source id="newVegas_Hips-Matrix-animation-input"><float_array id="newVegas_Hips-Matrix-animation-input-array" count="32">

0.000000 0.033333 0.066667 0.100000 0.133333 0.166667 0.200000 0.233333 0.266667 0.300000 0.333333 0.366667 0.400000 0.433333 0.466667 0.500000
0.533333 0.566667 0.600000 0.633333 0.666667 0.700000 0.733333 0.766667 0.800000 0.833333 0.866667 0.900000 0.933333 0.966667 1.000000 1.033333</float_array><technique_common><accessor source="#newVegas_Hips-Matrix-animation-input-array" count="32"><param name="TIME" type="float"/></accessor></technique_common></source><source id="newVegas_Hips-Matrix-animation-output-transform"><float_array id="newVegas_Hips-Matrix-animation-output-transform-array" count="512">

0.405114 0.130579 0.904893 4.297756 -0.029688 0.991105 -0.129728 92.107544 -0.913784 0.025691 0.405387 1.890533 0.000000 0.000000 0.000000 1.000000
0.405016 0.123921 0.905873 9.120977 -0.007158 0.991172 -0.132389 92.885490 -0.914282 0.047135 0.402328 2.336812 0.000000 0.000000 0.000000 1.000000
0.409691 0.126506 0.903410 14.010221 -0.003999 0.990577 -0.136899 92.936935 -0.912216 0.052474 0.406336 2.698886 0.000000 0.000000 0.000000 1.000000
0.418829 0.136401 0.897762 19.167213 -0.019190 0.989763 -0.141426 92.216331 -0.907862 0.042006 0.417159 2.923096 0.000000 0.000000 0.000000 1.000000
0.436991 0.150592 0.886770 24.711107 -0.049904 0.988426 -0.143263 90.733398 -0.898080 0.018351 0.439448 3.082625 0.000000 0.000000 0.000000 1.000000
0.462164 0.157822 0.872638 30.334339 -0.078726 0.987453 -0.136892 88.882042 -0.883293 -0.005432 0.468790 3.339853 0.000000 0.000000 0.000000 1.000000
0.478708 0.157365 0.863756 35.533302 -0.088714 0.987441 -0.130732 86.962082 -0.873480 -0.014045 0.486657 3.536222 0.000000 0.000000 0.000000 1.000000
0.483423 0.146477 0.863045 40.373520 -0.073435 0.989212 -0.126757 85.224655 -0.872301 -0.002100 0.488964 3.653500 0.000000 0.000000 0.000000 1.000000
0.483830 0.122121 0.866600 46.282379 -0.045505 0.992387 -0.114441 84.491318 -0.873978 0.015935 0.485704 3.555012 0.000000 0.000000 0.000000 1.000000
0.481676 0.109015 0.869542 53.715885 -0.032493 0.993772 -0.106591 84.052933 -0.875747 0.023088 0.482219 3.124216 0.000000 0.000000 0.000000 1.000000
0.478935 0.102799 0.871811 59.201275 -0.010275 0.993708 -0.111528 83.542107 -0.877790 0.044456 0.476978 2.879636 0.000000 0.000000 0.000000 1.000000
0.481030 0.086325 0.872444 64.129250 0.020237 0.993782 -0.109489 83.372528 -0.876471 0.070324 0.476292 2.944634 0.000000 0.000000 0.000000 1.000000
0.489253 0.066222 0.869624 69.455620 0.047542 0.993606 -0.102410 84.010391 -0.870845 0.091448 0.482976 3.025755 0.000000 0.000000 0.000000 1.000000
0.478511 0.063011 0.875818 75.504211 0.048049 0.994048 -0.097769 86.046135 -0.876766 0.088866 0.472636 2.752112 0.000000 0.000000 0.000000 1.000000
0.453530 0.062878 0.889020 81.552460 0.041585 0.994929 -0.091583 88.277611 -0.890270 0.078506 0.448615 2.543282 0.000000 0.000000 0.000000 1.000000
0.434045 0.063067 0.898681 87.481079 0.031528 0.995872 -0.085115 90.359238 -0.900339 0.065278 0.430265 2.407331 0.000000 0.000000 0.000000 1.000000
0.415972 0.068777 0.906773 93.178757 0.013920 0.996538 -0.081971 92.047195 -0.909271 0.046720 0.413574 2.283154 0.000000 0.000000 0.000000 1.000000
0.388431 0.080421 0.917962 98.736259 -0.003313 0.996300 -0.085882 92.773941 -0.921472 0.030318 0.387260 2.268001 0.000000 0.000000 0.000000 1.000000
0.352979 0.091706 0.931126 104.311356 -0.006506 0.995401 -0.095570 92.520798 -0.935609 0.027676 0.351952 2.377388 0.000000 0.000000 0.000000 1.000000
0.303654 0.096949 0.947837 109.944733 0.002737 0.994717 -0.102621 91.440498 -0.952778 0.033755 0.301784 2.471194 0.000000 0.000000 0.000000 1.000000
0.228753 0.095936 0.968746 115.949699 0.022164 0.994361 -0.103706 89.489944 -0.973232 0.045194 0.225337 2.412164 0.000000 0.000000 0.000000 1.000000
0.152046 0.093809 0.983912 121.998116 0.044142 0.993848 -0.101578 87.178993 -0.987387 0.058876 0.146970 2.270699 0.000000 0.000000 0.000000 1.000000
0.102884 0.095235 0.990124 127.597061 0.053001 0.993467 -0.101064 85.644531 -0.993280 0.062876 0.097165 1.976186 0.000000 0.000000 0.000000 1.000000
0.097948 0.100939 0.990059 133.414139 0.041980 0.993538 -0.105447 85.189392 -0.994306 0.051891 0.093078 1.674862 0.000000 0.000000 0.000000 1.000000
0.122184 0.105996 0.986831 140.518509 0.024452 0.993658 -0.109757 84.025650 -0.992206 0.037541 0.118818 1.804681 0.000000 0.000000 0.000000 1.000000
0.173116 0.115579 0.978096 146.330978 -0.021778 0.993297 -0.113521 84.580780 -0.984661 -0.001649 0.174472 1.781944 0.000000 0.000000 0.000000 1.000000
0.226372 0.127150 0.965706 150.880280 -0.071473 0.990939 -0.113718 84.142799 -0.971415 -0.043280 0.233408 1.628326 0.000000 0.000000 0.000000 1.000000
0.276283 0.138733 0.951010 154.888275 -0.110422 0.987556 -0.111985 83.546379 -0.954712 -0.074073 0.288164 1.409603 0.000000 0.000000 0.000000 1.000000
0.321255 0.141361 0.936383 160.707367 -0.112887 0.987462 -0.110343 85.851181 -0.940240 -0.070257 0.333185 1.642936 0.000000 0.000000 0.000000 1.000000
0.359945 0.135567 0.923072 166.468765 -0.084780 0.990046 -0.112344 88.553993 -0.929114 -0.037820 0.367856 1.837842 0.000000 0.000000 0.000000 1.000000
0.390850 0.131176 0.911059 171.745438 -0.055902 0.991349 -0.118754 90.500229 -0.918755 -0.004515 0.394802 1.845419 0.000000 0.000000 0.000000 1.000000
0.405114 0.130579 0.904893 176.780457 -0.029687 0.991105 -0.129729 92.107536 -0.913784 0.025691 0.405387 1.890531 0.000000 0.000000 0.000000 1.000000</float_array><technique_common><accessor source="#newVegas_Hips-Matrix-animation-output-transform-array" count="32" stride="16"><param type="float4x4"/></accessor></technique_common></source><source id="newVegas_Hips-Interpolations"><Name_array id="newVegas_Hips-Interpolations-array" count="32">
 LINEAR LINEAR LINEAR LINEAR LINEAR LINEAR LINEAR LINEAR LINEAR LINEAR LINEAR
LINEAR LINEAR LINEAR LINEAR LINEAR LINEAR LINEAR LINEAR LINEAR LINEAR LINEAR LINEAR
LINEAR LINEAR LINEAR LINEAR LINEAR LINEAR LINEAR LINEAR LINEAR</Name_array><technique_common><accessor source="#newVegas_Hips-Interpolations-array" count="32"><param type="name"/></accessor></technique_common></source><sampler id="newVegas_Hips-Matrix-animation-transform"><input semantic="INPUT" source="#newVegas_Hips-Matrix-animation-input"/><input semantic="OUTPUT" source="#newVegas_Hips-Matrix-animation-output-transform"/><input semantic="INTERPOLATION" source="#newVegas_Hips-Interpolations"/></sampler><channel source="#newVegas_Hips-Matrix-animation-transform" target="newVegas_Hips/matrix"/></animation>
    <animation id="newVegas_Pelvis-anim" name="newVegas_Pelvis"><source id="newVegas_Pelvis-Matrix-animation-input"><float_array id="newVegas_Pelvis-Matrix-animation-input-array" count="32">

0.000000 0.033333 0.066667 0.100000 0.133333 0.166667 0.200000 0.233333 0.266667 0.300000 0.333333 0.366667 0.400000 0.433333 0.466667 0.500000
0.533333 0.566667 0.600000 0.633333 0.666667 0.700000 0.733333 0.766667 0.800000 0.833333 0.866667 0.900000 0.933333 0.966667 1.000000 1.033333</float_array><technique_common><accessor source="#newVegas_Pelvis-Matrix-animation-input-array" count="32"><param name="TIME" type="float"/></accessor></technique_common></source><source id="newVegas_Pelvis-Matrix-animation-output-transform"><float_array id="newVegas_Pelvis-Matrix-animation-output-transform-array" count="512">

1.000000 0.000000 0.000000 0.000000 -0.000000 1.000000 0.000000 0.000000 0.000000 0.000000 1.000000 0.000000 0.000000 0.000000 0.000000 1.000000
1.000000 -0.000000 -0.000000 0.000000 -0.000000 1.000000 0.000000 0.000000 0.000000 0.000000 1.000000 0.000000 0.000000 0.000000 0.000000 1.000000
1.000000 0.000000 0.000000 0.000000 -0.000000 1.000000 0.000000 0.000000 0.000000 0.000000 1.000000 0.000000 0.000000 0.000000 0.000000 1.000000
1.000000 0.000000 -0.000000 0.000000 -0.000000 1.000000 -0.000000 0.000000 0.000000 0.000000 1.000000 0.000000 0.000000 0.000000 0.000000 1.000000
1.000000 -0.000000 0.000000 0.000000 -0.000000 1.000000 -0.000000 0.000000 0.000000 -0.000000 1.000000 0.000000 0.000000 0.000000 0.000000 1.000000
1.000000 -0.000000 0.000000 0.000000 0.000000 1.000000 -0.000000 0.000000 -0.000000 0.000000 1.000000 0.000000 0.000000 0.000000 0.000000 1.000000
1.000000 -0.000000 0.000000 0.000000 -0.000000 1.000000 0.000000 0.000000 0.000000 0.000000 1.000000 0.000000 0.000000 0.000000 0.000000 1.000000
1.000000 0.000000 0.000000 0.000000 0.000000 1.000000 0.000000 0.000000 -0.000000 -0.000000 1.000000 0.000000 0.000000 0.000000 0.000000 1.000000
1.000000 -0.000000 0.000000 0.000000 -0.000000 1.000000 0.000000 0.000000 0.000000 -0.000000 1.000000 0.000000 0.000000 0.000000 0.000000 1.000000
1.000000 0.000000 0.000000 0.000000 -0.000000 1.000000 -0.000000 0.000000 0.000000 -0.000000 1.000000 0.000000 0.000000 0.000000 0.000000 1.000000
1.000000 0.000000 0.000000 0.000000 0.000000 1.000000 -0.000000 0.000000 0.000000 0.000000 1.000000 0.000000 0.000000 0.000000 0.000000 1.000000
1.000000 -0.000000 -0.000000 0.000000 0.000000 1.000000 0.000000 0.000000 -0.000000 -0.000000 1.000000 0.000000 0.000000 0.000000 0.000000 1.000000
1.000000 0.000000 0.000000 0.000000 -0.000000 1.000000 0.000000 0.000000 0.000000 0.000000 1.000000 0.000000 0.000000 0.000000 0.000000 1.000000
1.000000 -0.000000 0.000000 0.000000 0.000000 1.000000 0.000000 0.000000 -0.000000 0.000000 1.000000 0.000000 0.000000 0.000000 0.000000 1.000000
1.000000 -0.000000 -0.000000 0.000000 0.000000 1.000000 0.000000 0.000000 0.000000 0.000000 1.000000 0.000000 0.000000 0.000000 0.000000 1.000000
1.000000 0.000000 0.000000 0.000000 0.000000 1.000000 -0.000000 0.000000 0.000000 0.000000 1.000000 0.000000 0.000000 0.000000 0.000000 1.000000
1.000000 0.000000 0.000000 0.000000 0.000000 1.000000 -0.000000 0.000000 0.000000 0.000000 1.000000 0.000000 0.000000 0.000000 0.000000 1.000000
1.000000 0.000000 0.000000 0.000000 -0.000000 1.000000 -0.000000 0.000000 -0.000000 -0.000000 1.000000 0.000000 0.000000 0.000000 0.000000 1.000000
1.000000 -0.000000 -0.000000 0.000000 0.000000 1.000000 -0.000000 0.000000 0.000000 0.000000 1.000000 0.000000 0.000000 0.000000 0.000000 1.000000
1.000000 0.000000 0.000000 0.000000 0.000000 1.000000 -0.000000 0.000000 -0.000000 -0.000000 1.000000 0.000000 0.000000 0.000000 0.000000 1.000000
1.000000 0.000000 0.000000 0.000000 0.000000 1.000000 -0.000000 0.000000 0.000000 0.000000 1.000000 0.000000 0.000000 0.000000 0.000000 1.000000
1.000000 0.000000 0.000000 0.000000 0.000000 1.000000 0.000000 0.000000 -0.000000 0.000000 1.000000 0.000000 0.000000 0.000000 0.000000 1.000000
1.000000 -0.000000 0.000000 0.000000 0.000000 1.000000 -0.000000 0.000000 0.000000 -0.000000 1.000000 0.000000 0.000000 0.000000 0.000000 1.000000
1.000000 0.000000 0.000000 0.000000 0.000000 1.000000 -0.000000 0.000000 0.000000 0.000000 1.000000 0.000000 0.000000 0.000000 0.000000 1.000000
1.000000 0.000000 -0.000000 0.000000 0.000000 1.000000 -0.000000 0.000000 0.000000 0.000000 1.000000 0.000000 0.000000 0.000000 0.000000 1.000000
1.000000 -0.000000 0.000000 0.000000 -0.000000 1.000000 -0.000000 0.000000 0.000000 0.000000 1.000000 0.000000 0.000000 0.000000 0.000000 1.000000
1.000000 0.000000 -0.000000 0.000000 0.000000 1.000000 0.000000 0.000000 -0.000000 -0.000000 1.000000 0.000000 0.000000 0.000000 0.000000 1.000000
1.000000 0.000000 0.000000 0.000000 0.000000 1.000000 0.000000 0.000000 0.000000 -0.000000 1.000000 0.000000 0.000000 0.000000 0.000000 1.000000
1.000000 0.000000 0.000000 0.000000 0.000000 1.000000 -0.000000 0.000000 0.000000 -0.000000 1.000000 0.000000 0.000000 0.000000 0.000000 1.000000
1.000000 -0.000000 0.000000 0.000000 0.000000 1.000000 0.000000 0.000000 0.000000 0.000000 1.000000 0.000000 0.000000 0.000000 0.000000 1.000000
1.000000 0.000000 0.000000 0.000000 0.000000 1.000000 -0.000000 0.000000 -0.000000 -0.000000 1.000000 0.000000 0.000000 0.000000 0.000000 1.000000
1.000000 -0.000000 -0.000000 0.000000 0.000000 1.000000 0.000000 0.000000 -0.000000 0.000000 1.000000 0.000000 0.000000 0.000000 0.000000 1.000000</float_array><technique_common><accessor source="#newVegas_Pelvis-Matrix-animation-output-transform-array" count="32" stride="16"><param type="float4x4"/></accessor></technique_common></source><source id="newVegas_Pelvis-Interpolations"><Name_array id="newVegas_Pelvis-Interpolations-array" count="32">
 LINEAR LINEAR LINEAR LINEAR LINEAR LINEAR LINEAR LINEAR LINEAR LINEAR LINEAR
LINEAR LINEAR LINEAR LINEAR LINEAR LINEAR LINEAR LINEAR LINEAR LINEAR LINEAR LINEAR
LINEAR LINEAR LINEAR LINEAR LINEAR LINEAR LINEAR LINEAR LINEAR</Name_array><technique_common><accessor source="#newVegas_Pelvis-Interpolations-array" count="32"><param type="name"/></accessor></technique_common></source><sampler id="newVegas_Pelvis-Matrix-animation-transform"><input semantic="INPUT" source="#newVegas_Pelvis-Matrix-animation-input"/><input semantic="OUTPUT" source="#newVegas_Pelvis-Matrix-animation-output-transform"/><input semantic="INTERPOLATION" source="#newVegas_Pelvis-Interpolations"/></sampler><channel source="#newVegas_Pelvis-Matrix-animation-transform" target="newVegas_Pelvis/matrix"/></animation>
    <animation id="newVegas_LeftUpLeg-anim" name="newVegas_LeftUpLeg"><source id="newVegas_LeftUpLeg-Matrix-animation-input"><float_array id="newVegas_LeftUpLeg-Matrix-animation-input-array" count="32">

0.000000 0.033333 0.066667 0.100000 0.133333 0.166667 0.200000 0.233333 0.266667 0.300000 0.333333 0.366667 0.400000 0.433333 0.466667 0.500000
0.533333 0.566667 0.600000 0.633333 0.666667 0.700000 0.733333 0.766667 0.800000 0.833333 0.866667 0.900000 0.933333 0.966667 1.000000 1.033333</float_array><technique_common><accessor source="#newVegas_LeftUpLeg-Matrix-animation-input-array" count="32"><param name="TIME" type="float"/></accessor></technique_common></source><source id="newVegas_LeftUpLeg-Matrix-animation-output-transform"><float_array id="newVegas_LeftUpLeg-Matrix-animation-output-transform-array" count="512">

-0.968734 0.134270 0.208630 18.735201 0.031427 -0.767720 0.640014 -5.666700 0.246104 0.626560 0.739497 -4.541200 0.000000 0.000000 0.000000 1.000000
-0.973698 0.144490 0.176167 18.735201 0.010731 -0.743256 0.668921 -5.666700 0.227590 0.653218 0.722156 -4.541200 0.000000 0.000000 0.000000 1.000000
-0.977116 0.162664 0.137058 18.735201 -0.024731 -0.726858 0.686342 -5.666700 0.211265 0.667247 0.714247 -4.541200 0.000000 0.000000 0.000000 1.000000
-0.972116 0.219143 0.083468 18.735201 -0.101717 -0.714762 0.691932 -5.666700 0.211292 0.664148 0.717122 -4.541200 0.000000 0.000000 0.000000 1.000000
-0.953570 0.299583 0.030896 18.735201 -0.192191 -0.684288 0.703429 -5.666700 0.231877 0.664831 0.710093 -4.541200 0.000000 0.000000 0.000000 1.000000
-0.933820 0.357571 -0.011068 18.735201 -0.243034 -0.611387 0.753087 -5.666700 0.262516 0.705938 0.657828 -4.541200 0.000000 0.000000 0.000000 1.000000
-0.917508 0.397337 -0.017377 18.735201 -0.264306 -0.576507 0.773163 -5.666700 0.297189 0.713976 0.633969 -4.541200 0.000000 0.000000 0.000000 1.000000
-0.926355 0.376572 -0.007824 18.735201 -0.234472 -0.560290 0.794417 -5.666700 0.294771 0.737746 0.607323 -4.541200 0.000000 0.000000 0.000000 1.000000
-0.949065 0.314927 -0.009831 18.735201 -0.178233 -0.510873 0.840977 -5.666700 0.259824 0.799894 0.540982 -4.541200 0.000000 0.000000 0.000000 1.000000
-0.968222 0.250061 0.003870 18.735201 -0.139620 -0.553310 0.821191 -5.666700 0.207489 0.794555 0.570640 -4.541200 0.000000 0.000000 0.000000 1.000000
-0.979526 0.201291 0.003387 18.735201 -0.103659 -0.518706 0.848646 -5.666700 0.172582 0.830919 0.528951 -4.541200 0.000000 0.000000 0.000000 1.000000
-0.986207 0.160059 0.042161 18.735201 -0.050611 -0.534124 0.843890 -5.666700 0.157592 0.830116 0.534857 -4.541200 0.000000 0.000000 0.000000 1.000000
-0.988977 0.115597 0.092529 18.735201 0.005591 -0.595304 0.803481 -5.666700 0.147962 0.795142 0.588096 -4.541200 0.000000 0.000000 0.000000 1.000000
-0.989923 0.062892 0.126870 18.735201 0.049453 -0.685990 0.725928 -5.666700 0.132687 0.724887 0.675968 -4.541200 0.000000 0.000000 0.000000 1.000000
-0.990051 0.007506 0.140509 18.735201 0.082389 -0.778574 0.622121 -5.666700 0.114067 0.627508 0.770210 -4.541200 0.000000 0.000000 0.000000 1.000000
-0.989091 -0.039430 0.141929 18.735201 0.105303 -0.863012 0.494087 -5.666700 0.103004 0.503643 0.857749 -4.541200 0.000000 0.000000 0.000000 1.000000
-0.988365 -0.072062 0.133944 18.735201 0.116021 -0.926649 0.357577 -5.666700 0.098351 0.368957 0.924228 -4.541200 0.000000 0.000000 0.000000 1.000000
-0.987839 -0.092643 0.124867 18.735201 0.120736 -0.963080 0.240625 -5.666700 0.097965 0.252775 0.962553 -4.541200 0.000000 0.000000 0.000000 1.000000
-0.985210 -0.117258 0.124944 18.735201 0.134123 -0.981527 0.136437 -5.666700 0.106638 0.151177 0.982738 -4.541200 0.000000 0.000000 0.000000 1.000000
-0.980675 -0.143546 0.132931 18.735201 0.149862 -0.987948 0.038742 -5.666700 0.125767 0.057914 0.990368 -4.541200 0.000000 0.000000 0.000000 1.000000
-0.976650 -0.159701 0.143703 18.735201 0.153571 -0.986723 -0.052858 -5.666700 0.150236 -0.029555 0.988208 -4.541200 0.000000 0.000000 0.000000 1.000000
-0.974790 -0.164509 0.150734 18.735201 0.140572 -0.977434 -0.157679 -5.666700 0.173272 -0.132515 0.975918 -4.541200 0.000000 0.000000 0.000000 1.000000
-0.974020 -0.162307 0.157929 18.735201 0.117978 -0.958941 -0.257901 -5.666700 0.193304 -0.232569 0.953176 -4.541200 0.000000 0.000000 0.000000 1.000000
-0.973042 -0.148073 0.176817 18.735201 0.091176 -0.951194 -0.294817 -5.666700 0.211841 -0.270747 0.939052 -4.541200 0.000000 0.000000 0.000000 1.000000
-0.965584 -0.157143 0.207252 18.735201 0.073395 -0.929086 -0.362508 -5.666700 0.249521 -0.334821 0.908644 -4.541200 0.000000 0.000000 0.000000 1.000000
-0.951331 -0.168879 0.257776 18.735201 0.048862 -0.908553 -0.414902 -5.666700 0.304271 -0.382114 0.872587 -4.541200 0.000000 0.000000 0.000000 1.000000
-0.956366 0.023505 0.291226 18.735201 -0.022691 -0.999723 0.006172 -5.666700 0.291290 -0.000706 0.956634 -4.541200 0.000000 0.000000 0.000000 1.000000
-0.964514 0.116027 0.237172 18.735201 -0.075831 -0.982157 0.172097 -5.666700 0.252908 0.148005 0.956103 -4.541200 0.000000 0.000000 0.000000 1.000000
-0.968689 0.142352 0.203416 18.735201 -0.063675 -0.934344 0.350637 -5.666700 0.239975 0.326706 0.914153 -4.541200 0.000000 0.000000 0.000000 1.000000
-0.968663 0.130205 0.211515 18.735201 -0.009467 -0.870319 0.492397 -5.666700 0.248199 0.474965 0.844278 -4.541200 0.000000 0.000000 0.000000 1.000000
-0.968230 0.129710 0.213790 18.735201 0.019801 -0.812496 0.582630 -5.666700 0.249276 0.568353 0.784115 -4.541200 0.000000 0.000000 0.000000 1.000000
-0.968734 0.134213 0.208665 18.735201 0.031495 -0.767718 0.640013 -5.666700 0.246094 0.626574 0.739488 -4.541200 0.000000 0.000000 0.000000 1.000000</float_array><technique_common><accessor source="#newVegas_LeftUpLeg-Matrix-animation-output-transform-array" count="32" stride="16"><param type="float4x4"/></accessor></technique_common></source><source id="newVegas_LeftUpLeg-Interpolations"><Name_array id="newVegas_LeftUpLeg-Interpolations-array" count="32">
 LINEAR LINEAR LINEAR LINEAR LINEAR LINEAR LINEAR LINEAR LINEAR LINEAR LINEAR
LINEAR LINEAR LINEAR LINEAR LINEAR LINEAR LINEAR LINEAR LINEAR LINEAR LINEAR LINEAR
LINEAR LINEAR LINEAR LINEAR LINEAR LINEAR LINEAR LINEAR LINEAR</Name_array><technique_common><accessor source="#newVegas_LeftUpLeg-Interpolations-array" count="32"><param type="name"/></accessor></technique_common></source><sampler id="newVegas_LeftUpLeg-Matrix-animation-transform"><input semantic="INPUT" source="#newVegas_LeftUpLeg-Matrix-animation-input"/><input semantic="OUTPUT" source="#newVegas_LeftUpLeg-Matrix-animation-output-transform"/><input semantic="INTERPOLATION" source="#newVegas_LeftUpLeg-Interpolations"/></sampler><channel source="#newVegas_LeftUpLeg-Matrix-animation-transform" target="newVegas_LeftUpLeg/matrix"/></animation>
    <animation id="newVegas_LeftLeg-anim" name="newVegas_LeftLeg"><source id="newVegas_LeftLeg-Matrix-animation-input"><float_array id="newVegas_LeftLeg-Matrix-animation-input-array" count="32">

0.000000 0.033333 0.066667 0.100000 0.133333 0.166667 0.200000 0.233333 0.266667 0.300000 0.333333 0.366667 0.400000 0.433333 0.466667 0.500000
0.533333 0.566667 0.600000 0.633333 0.666667 0.700000 0.733333 0.766667 0.800000 0.833333 0.866667 0.900000 0.933333 0.966667 1.000000 1.033333</float_array><technique_common><accessor source="#newVegas_LeftLeg-Matrix-animation-input-array" count="32"><param name="TIME" type="float"/></accessor></technique_common></source><source id="newVegas_LeftLeg-Matrix-animation-output-transform"><float_array id="newVegas_LeftLeg-Matrix-animation-output-transform-array" count="512">

0.999525 -0.001478 0.030795 -0.255500 -0.028390 0.345415 0.938021 31.940800 -0.012023 -0.938449 0.345209 0.083000 0.000000 0.000000 0.000000 1.000000
0.999586 -0.002009 0.028687 -0.255500 -0.024146 0.483172 0.875192 31.940800 -0.015619 -0.875523 0.482924 0.083000 0.000000 0.000000 0.000000 1.000000
0.999821 -0.002551 0.018725 -0.255500 -0.012729 0.641432 0.767074 31.940800 -0.013968 -0.767176 0.641285 0.083000 0.000000 0.000000 0.000000 1.000000
0.999289 -0.007845 0.036866 -0.255500 -0.016764 0.783511 0.621151 31.940800 -0.033758 -0.621328 0.782823 0.083000 0.000000 0.000000 0.000000 1.000000
0.999453 -0.010034 0.031500 -0.255500 -0.006791 0.870198 0.492655 31.940800 -0.032354 -0.492600 0.869654 0.083000 0.000000 0.000000 0.000000 1.000000
0.999984 -0.005389 -0.001527 -0.255500 0.005415 0.860311 0.509741 31.940800 -0.001433 -0.509741 0.860326 0.083000 0.000000 0.000000 0.000000 1.000000
0.999416 0.002932 -0.034052 -0.255500 0.015330 0.852009 0.523302 31.940800 0.030547 -0.523519 0.851466 0.083000 0.000000 0.000000 0.000000 1.000000
0.998803 0.008936 -0.048094 -0.255500 0.020669 0.814004 0.580492 31.940800 0.044336 -0.580791 0.812845 0.083000 0.000000 0.000000 0.000000 1.000000
0.999976 -0.005910 -0.003742 -0.255500 0.006938 0.769595 0.638495 31.940800 -0.000894 -0.638505 0.769617 0.083000 0.000000 0.000000 0.000000 1.000000
0.998695 -0.015606 0.048631 -0.255500 -0.014895 0.821782 0.569607 31.940800 -0.048854 -0.569588 0.820477 0.083000 0.000000 0.000000 0.000000 1.000000
0.999093 -0.010461 0.041287 -0.255500 -0.023419 0.674746 0.737679 31.940800 -0.035575 -0.737976 0.673888 0.083000 0.000000 0.000000 0.000000 1.000000
0.999413 -0.005973 0.033736 -0.255500 -0.024406 0.566935 0.823401 31.940800 -0.024045 -0.823741 0.566456 0.083000 0.000000 0.000000 0.000000 1.000000
0.999726 -0.002641 0.023270 -0.255500 -0.018632 0.512311 0.858598 31.940800 -0.014189 -0.858796 0.512121 0.083000 0.000000 0.000000 0.000000 1.000000
0.999814 -0.001774 0.019188 -0.255500 -0.015257 0.535414 0.844452 31.940800 -0.011772 -0.844588 0.535288 0.083000 0.000000 0.000000 0.000000 1.000000
0.999736 -0.002361 0.022850 -0.255500 -0.016849 0.600748 0.799261 31.940800 -0.015614 -0.799435 0.600550 0.083000 0.000000 0.000000 0.000000 1.000000
0.999772 -0.002954 0.021138 -0.255500 -0.013323 0.687337 0.726216 31.940800 -0.016674 -0.726333 0.687141 0.083000 0.000000 0.000000 0.000000 1.000000
0.999769 -0.004118 0.021102 -0.255500 -0.010123 0.775741 0.630970 31.940800 -0.018968 -0.631038 0.775520 0.083000 0.000000 0.000000 0.000000 1.000000
0.999311 -0.005422 0.036707 -0.255500 -0.015672 0.835013 0.550007 31.940800 -0.033633 -0.550203 0.834353 0.083000 0.000000 0.000000 0.000000 1.000000
0.997373 -0.007858 0.072008 -0.255500 -0.028210 0.873473 0.486054 31.940800 -0.066717 -0.486809 0.870957 0.083000 0.000000 0.000000 0.000000 1.000000
0.992593 -0.012272 0.120866 -0.255500 -0.043102 0.894589 0.444807 31.940800 -0.113584 -0.446721 0.887434 0.083000 0.000000 0.000000 0.000000 1.000000
0.988797 -0.012226 0.148762 -0.255500 -0.055073 0.896438 0.439734 31.940800 -0.138732 -0.443001 0.885722 0.083000 0.000000 0.000000 0.000000 1.000000
0.988766 -0.009076 0.149196 -0.255500 -0.055287 0.905158 0.421466 31.940800 -0.138871 -0.424979 0.894487 0.083000 0.000000 0.000000 0.000000 1.000000
0.988680 -0.006136 0.149916 -0.255500 -0.050741 0.926621 0.372557 31.940800 -0.141201 -0.375946 0.915820 0.083000 0.000000 0.000000 0.000000 1.000000
0.987815 -0.002722 0.155606 -0.255500 -0.057867 0.921738 0.383471 31.940800 -0.144472 -0.387803 0.910350 0.083000 0.000000 0.000000 0.000000 1.000000
0.988079 -0.004959 0.153869 -0.255500 -0.054296 0.924031 0.378443 31.940800 -0.144056 -0.382286 0.912746 0.083000 0.000000 0.000000 0.000000 1.000000
0.985615 -0.007609 0.168837 -0.255500 -0.047504 0.946239 0.319962 31.940800 -0.162194 -0.323379 0.932265 0.083000 0.000000 0.000000 0.000000 1.000000
0.984421 -0.007372 0.175673 -0.255500 -0.125866 0.668093 0.733355 31.940800 -0.122772 -0.744041 0.656757 0.083000 0.000000 0.000000 0.000000 1.000000
0.985433 -0.008920 0.169832 -0.255500 -0.136006 0.558205 0.818480 31.940800 -0.102102 -0.829655 0.548860 0.083000 0.000000 0.000000 0.000000 1.000000
0.986055 -0.007873 0.166231 -0.255500 -0.153060 0.349195 0.924465 31.940800 -0.065326 -0.937017 0.343120 0.083000 0.000000 0.000000 0.000000 1.000000
0.987690 -0.009366 0.156144 -0.255500 -0.149077 0.245973 0.957744 31.940800 -0.047377 -0.969231 0.241549 0.083000 0.000000 0.000000 0.000000 1.000000
0.997519 -0.003934 0.070288 -0.255500 -0.066848 0.260102 0.963264 31.940800 -0.022072 -0.965573 0.259194 0.083000 0.000000 0.000000 0.000000 1.000000
0.999526 -0.001587 0.030747 -0.255500 -0.028307 0.345413 0.938024 31.940800 -0.012109 -0.938449 0.345204 0.083000 0.000000 0.000000 0.000000 1.000000</float_array><technique_common><accessor source="#newVegas_LeftLeg-Matrix-animation-output-transform-array" count="32" stride="16"><param type="float4x4"/></accessor></technique_common></source><source id="newVegas_LeftLeg-Interpolations"><Name_array id="newVegas_LeftLeg-Interpolations-array" count="32">
 LINEAR LINEAR LINEAR LINEAR LINEAR LINEAR LINEAR LINEAR LINEAR LINEAR LINEAR
LINEAR LINEAR LINEAR LINEAR LINEAR LINEAR LINEAR LINEAR LINEAR LINEAR LINEAR LINEAR
LINEAR LINEAR LINEAR LINEAR LINEAR LINEAR LINEAR LINEAR LINEAR</Name_array><technique_common><accessor source="#newVegas_LeftLeg-Interpolations-array" count="32"><param type="name"/></accessor></technique_common></source><sampler id="newVegas_LeftLeg-Matrix-animation-transform"><input semantic="INPUT" source="#newVegas_LeftLeg-Matrix-animation-input"/><input semantic="OUTPUT" source="#newVegas_LeftLeg-Matrix-animation-output-transform"/><input semantic="INTERPOLATION" source="#newVegas_LeftLeg-Interpolations"/></sampler><channel source="#newVegas_LeftLeg-Matrix-animation-transform" target="newVegas_LeftLeg/matrix"/></animation>
    <animation id="newVegas_LeftFoot-anim" name="newVegas_LeftFoot"><source id="newVegas_LeftFoot-Matrix-animation-input"><float_array id="newVegas_LeftFoot-Matrix-animation-input-array" count="32">

0.000000 0.033333 0.066667 0.100000 0.133333 0.166667 0.200000 0.233333 0.266667 0.300000 0.333333 0.366667 0.400000 0.433333 0.466667 0.500000
0.533333 0.566667 0.600000 0.633333 0.666667 0.700000 0.733333 0.766667 0.800000 0.833333 0.866667 0.900000 0.933333 0.966667 1.000000 1.033333</float_array><technique_common><accessor source="#newVegas_LeftFoot-Matrix-animation-input-array" count="32"><param name="TIME" type="float"/></accessor></technique_common></source><source id="newVegas_LeftFoot-Matrix-animation-output-transform"><float_array id="newVegas_LeftFoot-Matrix-animation-output-transform-array" count="512">

0.994023 -0.072011 0.082058 0.002600 0.108481 0.566928 -0.816593 32.231098 0.012282 0.820614 0.571351 -0.064900 0.000000 0.000000 0.000000 1.000000
0.999350 -0.028253 0.022411 0.002600 0.033954 0.527813 -0.848682 32.231098 0.012149 0.848891 0.528429 -0.064900 0.000000 0.000000 0.000000 1.000000
0.999898 -0.013966 0.002853 0.002600 0.009470 0.501263 -0.865243 32.231098 0.010654 0.865182 0.501345 -0.064900 0.000000 0.000000 0.000000 1.000000
0.996311 0.037313 -0.077274 0.002600 -0.085790 0.453228 -0.887257 32.231098 0.001916 0.890613 0.454757 -0.064900 0.000000 0.000000 0.000000 1.000000
0.987421 0.068243 -0.142627 0.002600 -0.157780 0.366760 -0.916838 32.231098 -0.010258 0.927809 0.372914 -0.064900 0.000000 0.000000 0.000000 1.000000
0.994485 0.036192 -0.098438 0.002600 -0.104309 0.243519 -0.964271 32.231098 -0.010928 0.969221 0.245951 -0.064900 0.000000 0.000000 0.000000 1.000000
0.988208 0.053007 -0.143652 0.002600 -0.150858 0.176381 -0.972693 32.231098 -0.026222 0.982894 0.182297 -0.064900 0.000000 0.000000 0.000000 1.000000
0.988375 0.053895 -0.142161 0.002600 -0.150880 0.232700 -0.960774 32.231098 -0.018700 0.971054 0.238127 -0.064900 0.000000 0.000000 0.000000 1.000000
0.994275 0.055773 -0.091145 0.002600 -0.106786 0.549461 -0.828667 32.231098 0.003863 0.833656 0.552271 -0.064900 0.000000 0.000000 0.000000 1.000000
0.995981 0.061625 -0.064987 0.002600 -0.088412 0.792351 -0.603625 32.231098 0.014294 0.606945 0.794615 -0.064900 0.000000 0.000000 0.000000 1.000000
0.998288 0.031555 -0.049252 0.002600 -0.057498 0.684050 -0.727166 32.231098 0.010745 0.728753 0.684693 -0.064900 0.000000 0.000000 0.000000 1.000000
0.999636 0.004265 -0.026652 0.002600 -0.024284 0.573141 -0.819097 32.231098 0.011782 0.819446 0.573035 -0.064900 0.000000 0.000000 0.000000 1.000000
0.999768 -0.021513 -0.000510 0.002600 0.009576 0.466007 -0.884729 32.231098 0.019271 0.884520 0.466105 -0.064900 0.000000 0.000000 0.000000 1.000000
0.998094 -0.048689 0.037914 0.002600 0.053793 0.385396 -0.921182 32.231098 0.030239 0.921466 0.387281 -0.064900 0.000000 0.000000 0.000000 1.000000
0.994612 -0.070967 0.075575 0.002600 0.094989 0.331772 -0.938565 32.231098 0.041534 0.940686 0.336725 -0.064900 0.000000 0.000000 0.000000 1.000000
0.990521 -0.086683 0.106553 0.002600 0.127726 0.295875 -0.946649 32.231098 0.050532 0.951285 0.304142 -0.064900 0.000000 0.000000 0.000000 1.000000
0.986206 -0.097788 0.133547 0.002600 0.155730 0.274785 -0.948811 32.231098 0.056085 0.956520 0.286223 -0.064900 0.000000 0.000000 0.000000 1.000000
0.981150 -0.104693 0.162433 0.002600 0.183893 0.247429 -0.951295 32.231098 0.059404 0.963233 0.262017 -0.064900 0.000000 0.000000 0.000000 1.000000
0.973157 -0.111454 0.201355 0.002600 0.221060 0.209307 -0.952535 32.231098 0.064019 0.971478 0.228327 -0.064900 0.000000 0.000000 0.000000 1.000000
0.961398 -0.104681 0.254470 0.002600 0.268761 0.158952 -0.950001 32.231098 0.058998 0.981721 0.180950 -0.064900 0.000000 0.000000 0.000000 1.000000
0.943990 -0.043254 0.327127 0.002600 0.329751 0.087211 -0.940031 32.231098 0.012131 0.995250 0.096589 -0.064900 0.000000 0.000000 0.000000 1.000000
0.919073 0.054139 0.390350 0.002600 0.389738 0.021888 -0.920666 32.231098 -0.058388 0.998293 -0.000983 -0.064900 0.000000 0.000000 0.000000 1.000000
0.892996 0.123468 0.432797 0.002600 0.434698 0.012517 -0.900489 32.231098 -0.116599 0.992270 -0.042494 -0.064900 0.000000 0.000000 0.000000 1.000000
0.883532 0.142244 0.446248 0.002600 0.439969 0.074676 -0.894903 32.231098 -0.160619 0.987011 0.003396 -0.064900 0.000000 0.000000 0.000000 1.000000
0.858099 0.120231 0.499210 0.002600 0.481842 0.147469 -0.863760 32.231098 -0.177469 0.981732 0.068610 -0.064900 0.000000 0.000000 0.000000 1.000000
0.815654 0.049159 0.576448 0.002600 0.527320 0.346715 -0.775707 32.231098 -0.237996 0.936682 0.256876 -0.064900 0.000000 0.000000 0.000000 1.000000
0.934981 0.173583 0.309322 0.002600 0.092327 0.722906 -0.684750 32.231098 -0.342472 0.668787 0.659877 -0.064900 0.000000 0.000000 0.000000 1.000000
0.948182 0.312069 0.059704 0.002600 -0.240577 0.827896 -0.506667 32.231098 -0.207544 0.466049 0.860072 -0.064900 0.000000 0.000000 0.000000 1.000000
0.982709 0.185060 -0.005990 0.002600 -0.147950 0.765375 -0.626348 32.231098 -0.111327 0.616404 0.779521 -0.064900 0.000000 0.000000 0.000000 1.000000
0.999772 -0.005304 0.020703 0.002600 0.018565 0.695388 -0.718394 32.231098 -0.010586 0.718615 0.695328 -0.064900 0.000000 0.000000 0.000000 1.000000
0.996616 -0.051749 0.063872 0.002600 0.082191 0.640938 -0.763179 32.231098 -0.001444 0.765846 0.643022 -0.064900 0.000000 0.000000 0.000000 1.000000
0.994029 -0.071974 0.082016 0.002600 0.108426 0.566929 -0.816600 32.231098 0.012277 0.820616 0.571348 -0.064900 0.000000 0.000000 0.000000 1.000000</float_array><technique_common><accessor source="#newVegas_LeftFoot-Matrix-animation-output-transform-array" count="32" stride="16"><param type="float4x4"/></accessor></technique_common></source><source id="newVegas_LeftFoot-Interpolations"><Name_array id="newVegas_LeftFoot-Interpolations-array" count="32">
 LINEAR LINEAR LINEAR LINEAR LINEAR LINEAR LINEAR LINEAR LINEAR LINEAR LINEAR
LINEAR LINEAR LINEAR LINEAR LINEAR LINEAR LINEAR LINEAR LINEAR LINEAR LINEAR LINEAR
LINEAR LINEAR LINEAR LINEAR LINEAR LINEAR LINEAR LINEAR LINEAR</Name_array><technique_common><accessor source="#newVegas_LeftFoot-Interpolations-array" count="32"><param type="name"/></accessor></technique_common></source><sampler id="newVegas_LeftFoot-Matrix-animation-transform"><input semantic="INPUT" source="#newVegas_LeftFoot-Matrix-animation-input"/><input semantic="OUTPUT" source="#newVegas_LeftFoot-Matrix-animation-output-transform"/><input semantic="INTERPOLATION" source="#newVegas_LeftFoot-Interpolations"/></sampler><channel source="#newVegas_LeftFoot-Matrix-animation-transform" target="newVegas_LeftFoot/matrix"/></animation>
    <animation id="newVegas_RightUpLeg-anim" name="newVegas_RightUpLeg"><source id="newVegas_RightUpLeg-Matrix-animation-input"><float_array id="newVegas_RightUpLeg-Matrix-animation-input-array" count="32">

0.000000 0.033333 0.066667 0.100000 0.133333 0.166667 0.200000 0.233333 0.266667 0.300000 0.333333 0.366667 0.400000 0.433333 0.466667 0.500000
0.533333 0.566667 0.600000 0.633333 0.666667 0.700000 0.733333 0.766667 0.800000 0.833333 0.866667 0.900000 0.933333 0.966667 1.000000 1.033333</float_array><technique_common><accessor source="#newVegas_RightUpLeg-Matrix-animation-input-array" count="32"><param name="TIME" type="float"/></accessor></technique_common></source><source id="newVegas_RightUpLeg-Matrix-animation-output-transform"><float_array id="newVegas_RightUpLeg-Matrix-animation-output-transform-array" count="512">

-0.999273 0.028614 -0.025198 -18.735201 -0.037438 -0.861477 0.506414 -5.666700 -0.007217 0.506989 0.861922 -4.541200 0.000000 0.000000 0.000000 1.000000
-0.999764 -0.018298 -0.011734 -18.735201 0.011390 -0.900757 0.434174 -5.666700 -0.018514 0.433938 0.900753 -4.541200 0.000000 0.000000 0.000000 1.000000
-0.998732 -0.049355 -0.009938 -18.735201 0.042460 -0.931799 0.360483 -5.666700 -0.027051 0.359603 0.932713 -4.541200 0.000000 0.000000 0.000000 1.000000
-0.997644 -0.067267 -0.013492 -18.735201 0.060668 -0.956797 0.284358 -5.666700 -0.032037 0.282870 0.958623 -4.541200 0.000000 0.000000 0.000000 1.000000
-0.996819 -0.077453 -0.018774 -18.735201 0.072048 -0.976493 0.203151 -5.666700 -0.034067 0.201152 0.978967 -4.541200 0.000000 0.000000 0.000000 1.000000
-0.995153 -0.095871 -0.021888 -18.735201 0.092797 -0.989182 0.113614 -5.666700 -0.032543 0.111032 0.993284 -4.541200 0.000000 0.000000 0.000000 1.000000
-0.990981 -0.132447 -0.020339 -18.735201 0.131891 -0.990907 0.026605 -5.666700 -0.023678 0.023682 0.999439 -4.541200 0.000000 0.000000 0.000000 1.000000
-0.982072 -0.187366 -0.020707 -18.735201 0.188375 -0.979560 -0.070551 -5.666700 -0.007065 -0.073187 0.997293 -4.541200 0.000000 0.000000 0.000000 1.000000
-0.955781 -0.272927 -0.109513 -18.735201 0.285876 -0.949635 -0.128330 -5.666700 -0.068973 -0.153962 0.985666 -4.541200 0.000000 0.000000 0.000000 1.000000
-0.912421 -0.375166 -0.163520 -18.735201 0.383357 -0.923371 -0.020580 -5.666700 -0.143269 -0.081464 0.986325 -4.541200 0.000000 0.000000 0.000000 1.000000
-0.910294 -0.411241 -0.047380 -18.735201 0.405333 -0.908710 0.099756 -5.666700 -0.084078 0.071603 0.993883 -4.541200 0.000000 0.000000 0.000000 1.000000
-0.924246 -0.372970 0.081629 -18.735201 0.381397 -0.892130 0.242158 -5.666700 -0.017494 0.254947 0.966797 -4.541200 0.000000 0.000000 0.000000 1.000000
-0.931796 -0.305501 0.196022 -18.735201 0.360336 -0.843608 0.398101 -5.666700 0.043745 0.441582 0.896154 -4.541200 0.000000 0.000000 0.000000 1.000000
-0.951228 -0.220437 0.215805 -18.735201 0.303658 -0.792379 0.529081 -5.666700 0.054371 0.568808 0.820671 -4.541200 0.000000 0.000000 0.000000 1.000000
-0.969841 -0.168424 0.176186 -18.735201 0.242134 -0.748555 0.617282 -5.666700 0.027920 0.641326 0.766760 -4.541200 0.000000 0.000000 0.000000 1.000000
-0.985109 -0.121806 0.121342 -18.735201 0.171836 -0.721035 0.671253 -5.666700 0.005729 0.682108 0.731229 -4.541200 0.000000 0.000000 0.000000 1.000000
-0.995473 -0.071246 0.062904 -18.735201 0.094921 -0.711965 0.695770 -5.666700 -0.004785 0.698591 0.715505 -4.541200 0.000000 0.000000 0.000000 1.000000
-0.999596 -0.026536 0.010153 -18.735201 0.026102 -0.716570 0.697026 -5.666700 -0.011221 0.697010 0.716974 -4.541200 0.000000 0.000000 0.000000 1.000000
-0.999842 0.001658 -0.017688 -18.735201 -0.013276 -0.731319 0.681906 -5.666700 -0.011805 0.682034 0.731226 -4.541200 0.000000 0.000000 0.000000 1.000000
-0.999389 0.025087 -0.024318 -18.735201 -0.034929 -0.734162 0.678076 -5.666700 -0.000842 0.678511 0.734590 -4.541200 0.000000 0.000000 0.000000 1.000000
-0.999672 0.002255 -0.025507 -18.735201 -0.019628 -0.707173 0.706768 -5.666700 -0.016444 0.707037 0.706986 -4.541200 0.000000 0.000000 0.000000 1.000000
-0.998037 -0.057479 -0.024855 -18.735201 0.020540 -0.675404 0.737162 -5.666700 -0.059158 0.735204 0.675259 -4.541200 0.000000 0.000000 0.000000 1.000000
-0.998345 -0.055908 -0.013448 -18.735201 0.022450 -0.594268 0.803954 -5.666700 -0.052939 0.802322 0.594540 -4.541200 0.000000 0.000000 0.000000 1.000000
-0.999319 0.020045 -0.030988 -18.735201 -0.036890 -0.567310 0.822677 -5.666700 -0.001089 0.823260 0.567663 -4.541200 0.000000 0.000000 0.000000 1.000000
-0.998567 0.051083 -0.015966 -18.735201 -0.043146 -0.591845 0.804896 -5.666700 0.031668 0.804431 0.593201 -4.541200 0.000000 0.000000 0.000000 1.000000
-0.993365 0.085737 -0.076654 -18.735201 -0.112542 -0.587422 0.801417 -5.666700 0.023683 0.804726 0.593173 -4.541200 0.000000 0.000000 0.000000 1.000000
-0.985330 0.128282 -0.112552 -18.735201 -0.166606 -0.580211 0.797244 -5.666700 0.036968 0.804300 0.593072 -4.541200 0.000000 0.000000 0.000000 1.000000
-0.977645 0.157089 -0.139764 -18.735201 -0.205599 -0.574952 0.791934 -5.666700 0.044046 0.802965 0.594396 -4.541200 0.000000 0.000000 0.000000 1.000000
-0.979327 0.160145 -0.123577 -18.735201 -0.199281 -0.659002 0.725261 -5.666700 0.034709 0.734894 0.677293 -4.541200 0.000000 0.000000 0.000000 1.000000
-0.988235 0.127061 -0.085128 -18.735201 -0.151765 -0.745759 0.648699 -5.666700 0.018939 0.653987 0.756269 -4.541200 0.000000 0.000000 0.000000 1.000000
-0.995443 0.080305 -0.051422 -18.735201 -0.095219 -0.808023 0.581405 -5.666700 0.005140 0.583652 0.811988 -4.541200 0.000000 0.000000 0.000000 1.000000
-0.999273 0.028614 -0.025199 -18.735201 -0.037438 -0.861476 0.506416 -5.666700 -0.007218 0.506992 0.861921 -4.541200 0.000000 0.000000 0.000000 1.000000</float_array><technique_common><accessor source="#newVegas_RightUpLeg-Matrix-animation-output-transform-array" count="32" stride="16"><param type="float4x4"/></accessor></technique_common></source><source id="newVegas_RightUpLeg-Interpolations"><Name_array id="newVegas_RightUpLeg-Interpolations-array" count="32">
 LINEAR LINEAR LINEAR LINEAR LINEAR LINEAR LINEAR LINEAR LINEAR LINEAR LINEAR
