<?xml version="1.0" encoding="utf-8"?>
<COLLADA xmlns="http://www.collada.org/2005/11/COLLADASchema" version="1.4.1">
  <asset><contributor><author>Mixamo</author><authoring_tool>COLLADA Mixamo exporter</authoring_tool><comments></comments></contributor><created>2017-03-27T20:55:36Z</created><modified>2017-03-27T20:55:36Z</modified><revision></revision><title></title><unit meter="0.010000"/><up_axis>Y_UP</up_axis></asset>
  <library_animations>
    <animation id="newVegas_Hips-anim" name="newVegas_Hips"><source id="newVegas_Hips-Matrix-animation-input"><float_array id="newVegas_Hips-Matrix-animation-input-array" count="32">

0.000000 0.033333 0.066667 0.100000 0.133333 0.166667 0.200000 0.233333 0.266667 0.300000 0.333333 0.366667 0.400000 0.433333 0.466667 0.500000
0.533333 0.566667 0.600000 0.633333 0.666667 0.700000 0.733333 0.766667 0.800000 0.833333 0.866667 0.900000 0.933333 0.966667 1.000000 1.033333</float_array><technique_common><accessor source="#newVegas_Hips-Matrix-animation-input-array" count="32"><param name="TIME" type="float"/></accessor></technique_common></source><source id="newVegas_Hips-Matrix-animation-output-transform"><float_array id="newVegas_Hips-Matrix-animation-output-transform-array" count="512">

0.403517 -0.074251 -0.911955 -4.229019 -0.002650 0.996603 -0.082316 92.487656 0.914969 0.035633 0.401949 2.477803 0.000000 0.000000 0.000000 1.000000
0.371509 -0.087134 -0.924331 -9.775562 0.008362 0.995860 -0.090516 92.708519 0.928392 0.025898 0.370700 2.528341 0.000000 0.000000 0.000000 1.000000
0.332482 -0.096066 -0.938204 -15.377133 0.004415 0.994946 -0.100312 91.994370 0.943099 0.029209 0.331226 2.669635 0.000000 0.000000 0.000000 1.000000
0.267938 -0.097188 -0.958522 -21.143929 -0.010444 0.994547 -0.103761 90.561829 0.963380 0.037813 0.265462 2.665569 0.000000 0.000000 0.000000 1.000000
0.188777 -0.095010 -0.977413 -27.251707 -0.032395 0.994165 -0.102894 88.288422 0.981486 0.051087 0.184597 2.563019 0.000000 0.000000 0.000000 1.000000
0.121202 -0.093784 -0.988188 -33.095432 -0.051294 0.993605 -0.100589 86.098686 0.991302 0.062880 0.115616 2.366431 0.000000 0.000000 0.000000 1.000000
0.093134 -0.096611 -0.990955 -38.623447 -0.055276 0.993244 -0.102030 85.291504 0.994118 0.064279 0.087165 2.012259 0.000000 0.000000 0.000000 1.000000
0.106564 -0.103859 -0.988867 -45.251003 -0.032842 0.993619 -0.107897 84.521729 0.993763 0.043974 0.102473 1.956346 0.000000 0.000000 0.000000 1.000000
0.142370 -0.108519 -0.983847 -51.873936 -0.010568 0.993749 -0.111140 83.919449 0.989757 0.026220 0.140333 2.047295 0.000000 0.000000 0.000000 1.000000
0.193874 -0.116843 -0.974044 -57.335251 0.031149 0.993115 -0.112930 84.016312 0.980532 -0.008446 0.196178 2.012995 0.000000 0.000000 0.000000 1.000000
0.246442 -0.129964 -0.960404 -61.027729 0.083488 0.990131 -0.112564 82.961334 0.965555 -0.052442 0.254860 1.706722 0.000000 0.000000 0.000000 1.000000
0.295544 -0.138665 -0.945212 -65.934982 0.108327 0.987893 -0.111055 83.854645 0.949168 -0.069571 0.306987 1.686689 0.000000 0.000000 0.000000 1.000000
0.337168 -0.137781 -0.931308 -71.904869 0.096893 0.989058 -0.111246 86.884094 0.936445 -0.052729 0.346829 1.970815 0.000000 0.000000 0.000000 1.000000
0.375307 -0.134208 -0.917133 -77.362511 0.073090 0.990666 -0.115058 89.253075 0.924014 -0.023851 0.381613 2.023128 0.000000 0.000000 0.000000 1.000000
0.398516 -0.133371 -0.907412 -82.524124 0.049479 0.991056 -0.123935 91.186470 0.915826 0.004492 0.401551 2.023916 0.000000 0.000000 0.000000 1.000000
0.404316 -0.131054 -0.905181 -87.471146 0.028837 0.991016 -0.130601 92.615753 0.914165 0.026701 0.404463 2.261261 0.000000 0.000000 0.000000 1.000000
0.407103 -0.130543 -0.904006 -92.361809 0.018515 0.990710 -0.134726 93.214531 0.913195 0.038109 0.405738 2.666571 0.000000 0.000000 0.000000 1.000000
0.413450 -0.136191 -0.900284 -97.410225 0.023622 0.990022 -0.138918 92.979828 0.910220 0.036169 0.412542 2.964824 0.000000 0.000000 0.000000 1.000000
0.426023 -0.148184 -0.892494 -102.757309 0.043692 0.988714 -0.143304 91.851982 0.903657 0.022056 0.427690 3.151328 0.000000 0.000000 0.000000 1.000000
0.450015 -0.156989 -0.879114 -108.378456 0.069895 0.987599 -0.140582 89.787323 0.890282 0.001819 0.455407 3.395353 0.000000 0.000000 0.000000 1.000000
0.472745 -0.158277 -0.866868 -113.773445 0.086699 0.987318 -0.132988 87.842766 0.876924 -0.012287 0.480472 3.662289 0.000000 0.000000 0.000000 1.000000
0.481082 -0.156922 -0.862517 -118.882072 0.090960 0.987474 -0.128922 86.185555 0.871944 -0.016432 0.489330 3.735728 0.000000 0.000000 0.000000 1.000000
0.478960 -0.142129 -0.866254 -124.394981 0.075061 0.989823 -0.120901 85.463821 0.874622 -0.007115 0.484754 3.702475 0.000000 0.000000 0.000000 1.000000
0.480306 -0.117551 -0.869188 -131.164764 0.047670 0.993012 -0.107955 84.660126 0.875805 0.010417 0.482554 3.479151 0.000000 0.000000 0.000000 1.000000
0.481019 -0.106992 -0.870157 -137.430908 0.024923 0.993793 -0.108416 83.705093 0.876356 0.030463 0.480700 3.170996 0.000000 0.000000 0.000000 1.000000
0.478478 -0.098286 -0.872582 -142.532288 0.000627 0.993754 -0.111591 83.331993 0.878099 0.052847 0.475551 3.073605 0.000000 0.000000 0.000000 1.000000
0.486251 -0.076275 -0.870484 -147.508621 -0.032781 0.993889 -0.105400 83.398582 0.873204 0.079786 0.480780 3.241784 0.000000 0.000000 0.000000 1.000000
0.487175 -0.064757 -0.870900 -153.265198 -0.046262 0.993933 -0.099783 84.815666 0.872078 0.088901 0.481224 3.122860 0.000000 0.000000 0.000000 1.000000
0.466352 -0.064813 -0.882222 -159.337143 -0.041211 0.994638 -0.094856 87.094772 0.883639 0.080594 0.461180 2.843902 0.000000 0.000000 0.000000 1.000000
0.442842 -0.063649 -0.894338 -165.319046 -0.034673 0.995515 -0.088018 89.241913 0.895929 0.069987 0.438649 2.695526 0.000000 0.000000 0.000000 1.000000
0.425635 -0.065955 -0.902488 -171.120178 -0.021464 0.996324 -0.082936 91.226341 0.904640 0.054672 0.422655 2.558490 0.000000 0.000000 0.000000 1.000000
0.403517 -0.074251 -0.911955 -176.711716 -0.002650 0.996603 -0.082316 92.487663 0.914969 0.035633 0.401949 2.477801 0.000000 0.000000 0.000000 1.000000</float_array><technique_common><accessor source="#newVegas_Hips-Matrix-animation-output-transform-array" count="32" stride="16"><param type="float4x4"/></accessor></technique_common></source><source id="newVegas_Hips-Interpolations"><Name_array id="newVegas_Hips-Interpolations-array" count="32">
 LINEAR LINEAR LINEAR LINEAR LINEAR LINEAR LINEAR LINEAR LINEAR LINEAR LINEAR
LINEAR LINEAR LINEAR LINEAR LINEAR LINEAR LINEAR LINEAR LINEAR LINEAR LINEAR LINEAR
LINEAR LINEAR LINEAR LINEAR LINEAR LINEAR LINEAR LINEAR LINEAR</Name_array><technique_common><accessor source="#newVegas_Hips-Interpolations-array" count="32"><param type="name"/></accessor></technique_common></source><sampler id="newVegas_Hips-Matrix-animation-transform"><input semantic="INPUT" source="#newVegas_Hips-Matrix-animation-input"/><input semantic="OUTPUT" source="#newVegas_Hips-Matrix-animation-output-transform"/><input semantic="INTERPOLATION" source="#newVegas_Hips-Interpolations"/></sampler><channel source="#newVegas_Hips-Matrix-animation-transform" target="newVegas_Hips/matrix"/></animation>
    <animation id="newVegas_Pelvis-anim" name="newVegas_Pelvis"><source id="newVegas_Pelvis-Matrix-animation-input"><float_array id="newVegas_Pelvis-Matrix-animation-input-array" count="32">

0.000000 0.033333 0.066667 0.100000 0.133333 0.166667 0.200000 0.233333 0.266667 0.300000 0.333333 0.366667 0.400000 0.433333 0.466667 0.500000
0.533333 0.566667 0.600000 0.633333 0.666667 0.700000 0.733333 0.766667 0.800000 0.833333 0.866667 0.900000 0.933333 0.966667 1.000000 1.033333</float_array><technique_common><accessor source="#newVegas_Pelvis-Matrix-animation-input-array" count="32"><param name="TIME" type="float"/></accessor></technique_common></source><source id="newVegas_Pelvis-Matrix-animation-output-transform"><float_array id="newVegas_Pelvis-Matrix-animation-output-transform-array" count="512">

1.000000 0.000000 0.000000 0.000000 0.000000 1.000000 0.000000 0.000000 0.000000 0.000000 1.000000 0.000000 0.000000 0.000000 0.000000 1.000000
1.000000 0.000000 0.000000 0.000000 -0.000000 1.000000 0.000000 0.000000 -0.000000 -0.000000 1.000000 0.000000 0.000000 0.000000 0.000000 1.000000
1.000000 0.000000 0.000000 0.000000 0.000000 1.000000 0.000000 0.000000 0.000000 0.000000 1.000000 0.000000 0.000000 0.000000 0.000000 1.000000
1.000000 0.000000 -0.000000 0.000000 -0.000000 1.000000 0.000000 0.000000 0.000000 0.000000 1.000000 0.000000 0.000000 0.000000 0.000000 1.000000
1.000000 -0.000000 -0.000000 0.000000 0.000000 1.000000 0.000000 0.000000 -0.000000 -0.000000 1.000000 0.000000 0.000000 0.000000 0.000000 1.000000
1.000000 -0.000000 0.000000 0.000000 -0.000000 1.000000 0.000000 0.000000 0.000000 0.000000 1.000000 0.000000 0.000000 0.000000 0.000000 1.000000
1.000000 0.000000 0.000000 0.000000 0.000000 1.000000 0.000000 0.000000 0.000000 0.000000 1.000000 0.000000 0.000000 0.000000 0.000000 1.000000
1.000000 -0.000000 -0.000000 0.000000 0.000000 1.000000 -0.000000 0.000000 -0.000000 0.000000 1.000000 0.000000 0.000000 0.000000 0.000000 1.000000
1.000000 -0.000000 0.000000 0.000000 -0.000000 1.000000 -0.000000 0.000000 0.000000 0.000000 1.000000 0.000000 0.000000 0.000000 0.000000 1.000000
1.000000 0.000000 0.000000 0.000000 -0.000000 1.000000 0.000000 0.000000 -0.000000 0.000000 1.000000 0.000000 0.000000 0.000000 0.000000 1.000000
1.000000 0.000000 0.000000 0.000000 0.000000 1.000000 -0.000000 0.000000 0.000000 -0.000000 1.000000 0.000000 0.000000 0.000000 0.000000 1.000000
1.000000 0.000000 0.000000 0.000000 0.000000 1.000000 0.000000 0.000000 0.000000 -0.000000 1.000000 0.000000 0.000000 0.000000 0.000000 1.000000
1.000000 -0.000000 -0.000000 0.000000 0.000000 1.000000 0.000000 0.000000 0.000000 -0.000000 1.000000 0.000000 0.000000 0.000000 0.000000 1.000000
1.000000 0.000000 -0.000000 0.000000 0.000000 1.000000 -0.000000 0.000000 -0.000000 -0.000000 1.000000 0.000000 0.000000 0.000000 0.000000 1.000000
1.000000 -0.000000 -0.000000 0.000000 0.000000 1.000000 -0.000000 0.000000 0.000000 -0.000000 1.000000 0.000000 0.000000 0.000000 0.000000 1.000000
1.000000 -0.000000 0.000000 0.000000 -0.000000 1.000000 0.000000 0.000000 0.000000 0.000000 1.000000 0.000000 0.000000 0.000000 0.000000 1.000000
1.000000 -0.000000 -0.000000 0.000000 0.000000 1.000000 -0.000000 0.000000 0.000000 -0.000000 1.000000 0.000000 0.000000 0.000000 0.000000 1.000000
1.000000 0.000000 -0.000000 0.000000 -0.000000 1.000000 0.000000 0.000000 0.000000 0.000000 1.000000 0.000000 0.000000 0.000000 0.000000 1.000000
1.000000 0.000000 0.000000 0.000000 0.000000 1.000000 -0.000000 0.000000 -0.000000 0.000000 1.000000 0.000000 0.000000 0.000000 0.000000 1.000000
1.000000 0.000000 0.000000 0.000000 0.000000 1.000000 -0.000000 0.000000 0.000000 -0.000000 1.000000 0.000000 0.000000 0.000000 0.000000 1.000000
1.000000 0.000000 0.000000 0.000000 0.000000 1.000000 -0.000000 0.000000 0.000000 0.000000 1.000000 0.000000 0.000000 0.000000 0.000000 1.000000
1.000000 0.000000 0.000000 0.000000 0.000000 1.000000 -0.000000 0.000000 0.000000 0.000000 1.000000 0.000000 0.000000 0.000000 0.000000 1.000000
1.000000 0.000000 -0.000000 0.000000 0.000000 1.000000 -0.000000 0.000000 0.000000 -0.000000 1.000000 0.000000 0.000000 0.000000 0.000000 1.000000
1.000000 0.000000 0.000000 0.000000 0.000000 1.000000 -0.000000 0.000000 -0.000000 0.000000 1.000000 0.000000 0.000000 0.000000 0.000000 1.000000
1.000000 0.000000 0.000000 0.000000 0.000000 1.000000 0.000000 0.000000 0.000000 -0.000000 1.000000 0.000000 0.000000 0.000000 0.000000 1.000000
1.000000 0.000000 0.000000 0.000000 -0.000000 1.000000 0.000000 0.000000 0.000000 0.000000 1.000000 0.000000 0.000000 0.000000 0.000000 1.000000
1.000000 0.000000 0.000000 0.000000 -0.000000 1.000000 -0.000000 0.000000 -0.000000 0.000000 1.000000 0.000000 0.000000 0.000000 0.000000 1.000000
1.000000 0.000000 0.000000 0.000000 0.000000 1.000000 0.000000 0.000000 0.000000 0.000000 1.000000 0.000000 0.000000 0.000000 0.000000 1.000000
1.000000 -0.000000 0.000000 0.000000 0.000000 1.000000 -0.000000 0.000000 0.000000 0.000000 1.000000 0.000000 0.000000 0.000000 0.000000 1.000000
1.000000 0.000000 0.000000 0.000000 -0.000000 1.000000 0.000000 0.000000 0.000000 0.000000 1.000000 0.000000 0.000000 0.000000 0.000000 1.000000
1.000000 -0.000000 0.000000 0.000000 0.000000 1.000000 0.000000 0.000000 0.000000 0.000000 1.000000 0.000000 0.000000 0.000000 0.000000 1.000000
1.000000 -0.000000 0.000000 0.000000 -0.000000 1.000000 0.000000 0.000000 0.000000 -0.000000 1.000000 0.000000 0.000000 0.000000 0.000000 1.000000</float_array><technique_common><accessor source="#newVegas_Pelvis-Matrix-animation-output-transform-array" count="32" stride="16"><param type="float4x4"/></accessor></technique_common></source><source id="newVegas_Pelvis-Interpolations"><Name_array id="newVegas_Pelvis-Interpolations-array" count="32">
 LINEAR LINEAR LINEAR LINEAR LINEAR LINEAR LINEAR LINEAR LINEAR LINEAR LINEAR
LINEAR LINEAR LINEAR LINEAR LINEAR LINEAR LINEAR LINEAR LINEAR LINEAR LINEAR LINEAR
LINEAR LINEAR LINEAR LINEAR LINEAR LINEAR LINEAR LINEAR LINEAR</Name_array><technique_common><accessor source="#newVegas_Pelvis-Interpolations-array" count="32"><param type="name"/></accessor></technique_common></source><sampler id="newVegas_Pelvis-Matrix-animation-transform"><input semantic="INPUT" source="#newVegas_Pelvis-Matrix-animation-input"/><input semantic="OUTPUT" source="#newVegas_Pelvis-Matrix-animation-output-transform"/><input semantic="INTERPOLATION" source="#newVegas_Pelvis-Interpolations"/></sampler><channel source="#newVegas_Pelvis-Matrix-animation-transform" target="newVegas_Pelvis/matrix"/></animation>
    <animation id="newVegas_LeftUpLeg-anim" name="newVegas_LeftUpLeg"><source id="newVegas_LeftUpLeg-Matrix-animation-input"><float_array id="newVegas_LeftUpLeg-Matrix-animation-input-array" count="32">

0.000000 0.033333 0.066667 0.100000 0.133333 0.166667 0.200000 0.233333 0.266667 0.300000 0.333333 0.366667 0.400000 0.433333 0.466667 0.500000
0.533333 0.566667 0.600000 0.633333 0.666667 0.700000 0.733333 0.766667 0.800000 0.833333 0.866667 0.900000 0.933333 0.966667 1.000000 1.033333</float_array><technique_common><accessor source="#newVegas_LeftUpLeg-Matrix-animation-input-array" count="32"><param name="TIME" type="float"/></accessor></technique_common></source><source id="newVegas_LeftUpLeg-Matrix-animation-output-transform"><float_array id="newVegas_LeftUpLeg-Matrix-animation-output-transform-array" count="512">

-0.998330 0.046715 -0.033987 18.735201 -0.057152 -0.712739 0.699097 -5.666700 0.008434 0.699872 0.714219 -4.541200 0.000000 0.000000 0.000000 1.000000
-0.999924 0.009181 0.008285 18.735201 -0.000893 -0.721829 0.692071 -5.666700 0.012334 0.692011 0.721782 -4.541200 0.000000 0.000000 0.000000 1.000000
-0.999733 -0.009411 0.021125 18.735201 0.021162 -0.740704 0.671498 -5.666700 0.009328 0.671766 0.740705 -4.541200 0.000000 0.000000 0.000000 1.000000
-0.999383 -0.024673 0.025017 18.735201 0.035124 -0.720526 0.692538 -5.666700 0.000939 0.692989 0.720947 -4.541200 0.000000 0.000000 0.000000 1.000000
-0.999237 0.028634 0.026546 18.735201 -0.000792 -0.694597 0.719399 -5.666700 0.039038 0.718829 0.694090 -4.541200 0.000000 0.000000 0.000000 1.000000
-0.997470 0.068669 0.018388 18.735201 -0.029399 -0.633973 0.772796 -5.666700 0.064724 0.770301 0.634388 -4.541200 0.000000 0.000000 0.000000 1.000000
-0.999628 0.001159 0.027261 18.735201 0.021638 -0.574993 0.817872 -5.666700 0.016623 0.818158 0.574753 -4.541200 0.000000 0.000000 0.000000 1.000000
-0.999011 -0.038046 0.023009 18.735201 0.041027 -0.589298 0.806873 -5.666700 -0.017139 0.807020 0.590276 -4.541200 0.000000 0.000000 0.000000 1.000000
-0.997290 -0.071870 0.015728 18.735201 0.053203 -0.556873 0.828892 -5.666700 -0.050814 0.827482 0.559188 -4.541200 0.000000 0.000000 0.000000 1.000000
-0.992856 -0.114814 0.032483 18.735201 0.091071 -0.553289 0.827996 -5.666700 -0.077093 0.825039 0.559792 -4.541200 0.000000 0.000000 0.000000 1.000000
-0.984702 -0.156631 0.076340 18.735201 0.149840 -0.537573 0.829797 -5.666700 -0.088933 0.828542 0.552819 -4.541200 0.000000 0.000000 0.000000 1.000000
-0.980152 -0.168141 0.105027 18.735201 0.184886 -0.584072 0.790365 -5.666700 -0.071549 0.794096 0.603566 -4.541200 0.000000 0.000000 0.000000 1.000000
-0.984155 -0.143075 0.104728 18.735201 0.175124 -0.691928 0.700405 -5.666700 -0.027747 0.707648 0.706020 -4.541200 0.000000 0.000000 0.000000 1.000000
-0.990072 -0.094662 0.103904 18.735201 0.138903 -0.772066 0.620178 -5.666700 0.021514 0.628454 0.777549 -4.541200 0.000000 0.000000 0.000000 1.000000
-0.993752 -0.039552 0.104369 18.735201 0.090070 -0.836424 0.540632 -5.666700 0.065914 0.546654 0.834760 -4.541200 0.000000 0.000000 0.000000 1.000000
-0.994112 0.011113 0.107785 18.735201 0.039347 -0.889801 0.454649 -5.666700 0.100960 0.456214 0.884125 -4.541200 0.000000 0.000000 0.000000 1.000000
-0.992214 0.049221 0.114404 18.735201 -0.003125 -0.928140 0.372219 -5.666700 0.124504 0.368963 0.921067 -4.541200 0.000000 0.000000 0.000000 1.000000
-0.989847 0.074167 0.121252 18.735201 -0.035687 -0.955423 0.293077 -5.666700 0.137583 0.285774 0.948369 -4.541200 0.000000 0.000000 0.000000 1.000000
-0.988170 0.089229 0.124735 18.735201 -0.060154 -0.973655 0.219950 -5.666700 0.141075 0.209845 0.967504 -4.541200 0.000000 0.000000 0.000000 1.000000
-0.981343 0.119370 0.150723 18.735201 -0.094330 -0.982013 0.163560 -5.666700 0.167536 0.146291 0.974952 -4.541200 0.000000 0.000000 0.000000 1.000000
-0.974351 0.154247 0.163855 18.735201 -0.141049 -0.985957 0.089405 -5.666700 0.175344 0.064000 0.982425 -4.541200 0.000000 0.000000 0.000000 1.000000
-0.967128 0.184105 0.175411 18.735201 -0.187524 -0.982256 -0.002971 -5.666700 0.171751 -0.035767 0.984491 -4.541200 0.000000 0.000000 0.000000 1.000000
-0.952105 0.235158 0.195442 18.735201 -0.250884 -0.966176 -0.059677 -5.666700 0.174797 -0.105852 0.978898 -4.541200 0.000000 0.000000 0.000000 1.000000
-0.924931 0.329017 0.190395 18.735201 -0.342581 -0.938532 -0.042388 -5.666700 0.164745 -0.104432 0.980792 -4.541200 0.000000 0.000000 0.000000 1.000000
-0.909673 0.400164 0.111193 18.735201 -0.398282 -0.916406 0.039631 -5.666700 0.117757 -0.008235 0.993008 -4.541200 0.000000 0.000000 0.000000 1.000000
-0.920983 0.389288 -0.015674 18.735201 -0.385696 -0.905325 0.177834 -5.666700 0.055038 0.169827 0.983936 -4.541200 0.000000 0.000000 0.000000 1.000000
-0.928255 0.341562 -0.147233 18.735201 -0.371602 -0.868607 0.327771 -5.666700 -0.015933 0.358968 0.933214 -4.541200 0.000000 0.000000 0.000000 1.000000
-0.942334 0.255983 -0.215590 18.735201 -0.330182 -0.816278 0.473995 -5.666700 -0.054647 0.517845 0.853727 -4.541200 0.000000 0.000000 0.000000 1.000000
-0.962205 0.187896 -0.197121 18.735201 -0.269099 -0.767125 0.582327 -5.666700 -0.041799 0.613363 0.788694 -4.541200 0.000000 0.000000 0.000000 1.000000
-0.978657 0.143277 -0.147317 18.735201 -0.204992 -0.731032 0.650823 -5.666700 -0.014445 0.667131 0.744800 -4.541200 0.000000 0.000000 0.000000 1.000000
-0.991320 0.094960 -0.090927 18.735201 -0.131471 -0.713173 0.688549 -5.666700 0.000538 0.694527 0.719467 -4.541200 0.000000 0.000000 0.000000 1.000000
-0.998330 0.046715 -0.033987 18.735201 -0.057152 -0.712739 0.699097 -5.666700 0.008434 0.699872 0.714219 -4.541200 0.000000 0.000000 0.000000 1.000000</float_array><technique_common><accessor source="#newVegas_LeftUpLeg-Matrix-animation-output-transform-array" count="32" stride="16"><param type="float4x4"/></accessor></technique_common></source><source id="newVegas_LeftUpLeg-Interpolations"><Name_array id="newVegas_LeftUpLeg-Interpolations-array" count="32">
 LINEAR LINEAR LINEAR LINEAR LINEAR LINEAR LINEAR LINEAR LINEAR LINEAR LINEAR
LINEAR LINEAR LINEAR LINEAR LINEAR LINEAR LINEAR LINEAR LINEAR LINEAR LINEAR LINEAR
LINEAR LINEAR LINEAR LINEAR LINEAR LINEAR LINEAR LINEAR LINEAR</Name_array><technique_common><accessor source="#newVegas_LeftUpLeg-Interpolations-array" count="32"><param type="name"/></accessor></technique_common></source><sampler id="newVegas_LeftUpLeg-Matrix-animation-transform"><input semantic="INPUT" source="#newVegas_LeftUpLeg-Matrix-animation-input"/><input semantic="OUTPUT" source="#newVegas_LeftUpLeg-Matrix-animation-output-transform"/><input semantic="INTERPOLATION" source="#newVegas_LeftUpLeg-Interpolations"/></sampler><channel source="#newVegas_LeftUpLeg-Matrix-animation-transform" target="newVegas_LeftUpLeg/matrix"/></animation>
    <animation id="newVegas_LeftLeg-anim" name="newVegas_LeftLeg"><source id="newVegas_LeftLeg-Matrix-animation-input"><float_array id="newVegas_LeftLeg-Matrix-animation-input-array" count="32">

0.000000 0.033333 0.066667 0.100000 0.133333 0.166667 0.200000 0.233333 0.266667 0.300000 0.333333 0.366667 0.400000 0.433333 0.466667 0.500000
0.533333 0.566667 0.600000 0.633333 0.666667 0.700000 0.733333 0.766667 0.800000 0.833333 0.866667 0.900000 0.933333 0.966667 1.000000 1.033333</float_array><technique_common><accessor source="#newVegas_LeftLeg-Matrix-animation-input-array" count="32"><param name="TIME" type="float"/></accessor></technique_common></source><source id="newVegas_LeftLeg-Matrix-animation-output-transform"><float_array id="newVegas_LeftLeg-Matrix-animation-output-transform-array" count="512">

0.998114 -0.011215 0.060358 -0.255500 -0.049377 0.437575 0.897825 31.940800 -0.036481 -0.899112 0.436196 0.083000 0.000000 0.000000 0.000000 1.000000
0.999648 -0.009503 0.024784 -0.255500 -0.013490 0.622253 0.782700 31.940800 -0.022860 -0.782759 0.621905 0.083000 0.000000 0.000000 0.000000 1.000000
0.999927 -0.009865 0.007028 -0.255500 0.003842 0.808619 0.588320 31.940800 -0.011486 -0.588250 0.808597 0.083000 0.000000 0.000000 0.000000 1.000000
0.999876 -0.009293 -0.012698 -0.255500 0.014101 0.887292 0.460993 31.940800 0.006983 -0.461115 0.887313 0.083000 0.000000 0.000000 0.000000 1.000000
0.999224 -0.006417 -0.038858 -0.255500 0.021618 0.914088 0.404940 31.940800 0.032921 -0.405465 0.913517 0.083000 0.000000 0.000000 0.000000 1.000000
0.996628 -0.000460 -0.082054 -0.255500 0.040471 0.872649 0.486667 31.940800 0.071381 -0.488347 0.869725 0.083000 0.000000 0.000000 0.000000 1.000000
0.994397 -0.002765 -0.105672 -0.255500 0.062181 0.823715 0.563584 31.940800 0.085486 -0.566997 0.819272 0.083000 0.000000 0.000000 0.000000 1.000000
0.985153 0.003729 -0.171638 -0.255500 0.069659 0.905086 0.419483 31.940800 0.156911 -0.425211 0.891389 0.083000 0.000000 0.000000 0.000000 1.000000
0.985048 0.002936 -0.172254 -0.255500 0.096259 0.819843 0.564440 31.940800 0.142878 -0.572581 0.807302 0.083000 0.000000 0.000000 0.000000 1.000000
0.987335 0.001861 -0.158638 -0.255500 0.107083 0.729979 0.675028 31.940800 0.117058 -0.683467 0.720535 0.083000 0.000000 0.000000 0.000000 1.000000
0.993026 -0.002138 -0.117876 -0.255500 0.090214 0.657466 0.748064 31.940800 0.075900 -0.753481 0.653074 0.083000 0.000000 0.000000 0.000000 1.000000
0.998237 -0.007890 -0.058825 -0.255500 0.050367 0.636931 0.769274 31.940800 0.031398 -0.770880 0.636206 0.083000 0.000000 0.000000 0.000000 1.000000
0.999852 -0.014070 0.009869 -0.255500 0.002599 0.691401 0.722466 31.940800 -0.016989 -0.722334 0.691336 0.083000 0.000000 0.000000 0.000000 1.000000
0.996873 -0.019980 0.076455 -0.255500 -0.037156 0.735374 0.676642 31.940800 -0.069743 -0.677367 0.732332 0.083000 0.000000 0.000000 0.000000 1.000000
0.992301 -0.023261 0.121643 -0.255500 -0.057671 0.782422 0.620072 31.940800 -0.109600 -0.622314 0.775057 0.083000 0.000000 0.000000 0.000000 1.000000
0.989920 -0.023190 0.139716 -0.255500 -0.059884 0.825445 0.561297 31.940800 -0.128345 -0.564006 0.815736 0.083000 0.000000 0.000000 0.000000 1.000000
0.988743 -0.022000 0.147996 -0.255500 -0.058639 0.853024 0.518566 31.940800 -0.137653 -0.521407 0.842132 0.083000 0.000000 0.000000 0.000000 1.000000
0.987129 -0.021338 0.158494 -0.255500 -0.059201 0.871900 0.486093 31.940800 -0.148563 -0.489219 0.859415 0.083000 0.000000 0.000000 0.000000 1.000000
0.983926 -0.022934 0.177100 -0.255500 -0.063964 0.880659 0.469412 31.940800 -0.166730 -0.473195 0.865036 0.083000 0.000000 0.000000 0.000000 1.000000
0.984085 -0.019283 0.176649 -0.255500 -0.071248 0.867874 0.491649 31.940800 -0.162789 -0.496410 0.852688 0.083000 0.000000 0.000000 0.000000 1.000000
0.984196 -0.016708 0.176291 -0.255500 -0.071431 0.873493 0.481568 31.940800 -0.162035 -0.486550 0.858495 0.083000 0.000000 0.000000 0.000000 1.000000
0.983934 -0.015422 0.177866 -0.255500 -0.065623 0.895281 0.440642 31.940800 -0.166035 -0.445235 0.879885 0.083000 0.000000 0.000000 0.000000 1.000000
0.985159 -0.013381 0.171120 -0.255500 -0.064733 0.894371 0.442617 31.940800 -0.158968 -0.447125 0.880232 0.083000 0.000000 0.000000 0.000000 1.000000
0.984111 -0.013115 0.177068 -0.255500 -0.085815 0.837915 0.539012 31.940800 -0.155437 -0.545643 0.823476 0.083000 0.000000 0.000000 0.000000 1.000000
0.983270 -0.015893 0.181461 -0.255500 -0.113675 0.724866 0.679446 31.940800 -0.142334 -0.688706 0.710932 0.083000 0.000000 0.000000 0.000000 1.000000
0.983142 -0.020991 0.181635 -0.255500 -0.131186 0.611002 0.780683 31.940800 -0.127367 -0.791350 0.597948 0.083000 0.000000 0.000000 0.000000 1.000000
0.991499 -0.017440 0.128940 -0.255500 -0.107658 0.446568 0.888249 31.940800 -0.073071 -0.894580 0.440894 0.083000 0.000000 0.000000 0.000000 1.000000
0.992248 -0.015921 0.123251 -0.255500 -0.114148 0.275364 0.954539 31.940800 -0.049136 -0.961208 0.271412 0.083000 0.000000 0.000000 0.000000 1.000000
0.985456 -0.018652 0.168906 -0.255500 -0.162021 0.196625 0.966999 31.940800 -0.051247 -0.980301 0.190744 0.083000 0.000000 0.000000 0.000000 1.000000
0.986833 -0.018326 0.160704 -0.255500 -0.153427 0.208467 0.965920 31.940800 -0.051203 -0.977858 0.202910 0.083000 0.000000 0.000000 0.000000 1.000000
0.994555 -0.013899 0.103287 -0.255500 -0.094787 0.291337 0.951913 31.940800 -0.043322 -0.956520 0.288433 0.083000 0.000000 0.000000 0.000000 1.000000
0.998114 -0.011215 0.060358 -0.255500 -0.049376 0.437576 0.897825 31.940800 -0.036481 -0.899112 0.436197 0.083000 0.000000 0.000000 0.000000 1.000000</float_array><technique_common><accessor source="#newVegas_LeftLeg-Matrix-animation-output-transform-array" count="32" stride="16"><param type="float4x4"/></accessor></technique_common></source><source id="newVegas_LeftLeg-Interpolations"><Name_array id="newVegas_LeftLeg-Interpolations-array" count="32">
 LINEAR LINEAR LINEAR LINEAR LINEAR LINEAR LINEAR LINEAR LINEAR LINEAR LINEAR
LINEAR LINEAR LINEAR LINEAR LINEAR LINEAR LINEAR LINEAR LINEAR LINEAR LINEAR LINEAR
LINEAR LINEAR LINEAR LINEAR LINEAR LINEAR LINEAR LINEAR LINEAR</Name_array><technique_common><accessor source="#newVegas_LeftLeg-Interpolations-array" count="32"><param type="name"/></accessor></technique_common></source><sampler id="newVegas_LeftLeg-Matrix-animation-transform"><input semantic="INPUT" source="#newVegas_LeftLeg-Matrix-animation-input"/><input semantic="OUTPUT" source="#newVegas_LeftLeg-Matrix-animation-output-transform"/><input semantic="INTERPOLATION" source="#newVegas_LeftLeg-Interpolations"/></sampler><channel source="#newVegas_LeftLeg-Matrix-animation-transform" target="newVegas_LeftLeg/matrix"/></animation>
    <animation id="newVegas_LeftFoot-anim" name="newVegas_LeftFoot"><source id="newVegas_LeftFoot-Matrix-animation-input"><float_array id="newVegas_LeftFoot-Matrix-animation-input-array" count="32">

0.000000 0.033333 0.066667 0.100000 0.133333 0.166667 0.200000 0.233333 0.266667 0.300000 0.333333 0.366667 0.400000 0.433333 0.466667 0.500000
0.533333 0.566667 0.600000 0.633333 0.666667 0.700000 0.733333 0.766667 0.800000 0.833333 0.866667 0.900000 0.933333 0.966667 1.000000 1.033333</float_array><technique_common><accessor source="#newVegas_LeftFoot-Matrix-animation-input-array" count="32"><param name="TIME" type="float"/></accessor></technique_common></source><source id="newVegas_LeftFoot-Matrix-animation-output-transform"><float_array id="newVegas_LeftFoot-Matrix-animation-output-transform-array" count="512">

0.999583 0.014838 -0.024763 0.002600 -0.028657 0.613686 -0.789030 32.231098 0.003489 0.789411 0.613856 -0.064900 0.000000 0.000000 0.000000 1.000000
0.998959 0.022241 -0.039817 0.002600 -0.045455 0.556873 -0.829353 32.231098 0.003727 0.830300 0.557305 -0.064900 0.000000 0.000000 0.000000 1.000000
0.997158 0.038257 -0.064901 0.002600 -0.075320 0.525030 -0.847744 32.231098 0.001643 0.850223 0.526420 -0.064900 0.000000 0.000000 0.000000 1.000000
0.999991 -0.003310 0.002563 0.002600 0.003787 0.454288 -0.890847 32.231098 0.001784 0.890849 0.454296 -0.064900 0.000000 0.000000 0.000000 1.000000
0.997790 0.026610 -0.060883 0.002600 -0.066302 0.338870 -0.938494 32.231098 -0.004342 0.940457 0.339885 -0.064900 0.000000 0.000000 0.000000 1.000000
0.993196 0.045768 -0.107088 0.002600 -0.114940 0.237217 -0.964633 32.231098 -0.018746 0.970378 0.240863 -0.064900 0.000000 0.000000 0.000000 1.000000
0.989368 -0.072383 0.126145 0.002600 0.143837 0.358695 -0.922306 32.231098 0.021512 0.930644 0.365293 -0.064900 0.000000 0.000000 0.000000 1.000000
0.976204 -0.161296 0.144944 0.002600 0.215940 0.784305 -0.581580 32.231098 -0.019874 0.599041 0.800472 -0.064900 0.000000 0.000000 0.000000 1.000000
0.981984 -0.154532 0.108755 0.002600 0.188847 0.782225 -0.593685 32.231098 0.006672 0.603527 0.797315 -0.064900 0.000000 0.000000 0.000000 1.000000
0.987427 -0.123235 0.098999 0.002600 0.157051 0.693658 -0.702975 32.231098 0.017960 0.709684 0.704291 -0.064900 0.000000 0.000000 0.000000 1.000000
0.989342 -0.109180 0.096343 0.002600 0.143865 0.630820 -0.762475 32.231098 0.022471 0.768209 0.639804 -0.064900 0.000000 0.000000 0.000000 1.000000
0.990074 -0.097007 0.101699 0.002600 0.138927 0.565996 -0.812618 32.231098 0.021269 0.818681 0.573855 -0.064900 0.000000 0.000000 0.000000 1.000000
0.990726 -0.081632 0.108616 0.002600 0.135266 0.517098 -0.845170 32.231098 0.012828 0.852025 0.523344 -0.064900 0.000000 0.000000 0.000000 1.000000
0.991971 -0.060196 0.111218 0.002600 0.126461 0.477171 -0.869664 32.231098 -0.000720 0.876747 0.480952 -0.064900 0.000000 0.000000 0.000000 1.000000
0.993787 -0.032374 0.106486 0.002600 0.109738 0.444632 -0.888966 32.231098 -0.018568 0.895128 0.445422 -0.064900 0.000000 0.000000 0.000000 1.000000
0.995216 -0.002884 0.097656 0.002600 0.090260 0.409701 -0.907744 32.231098 -0.037391 0.912216 0.408001 -0.064900 0.000000 0.000000 0.000000 1.000000
0.995939 0.023721 0.086848 0.002600 0.072298 0.364125 -0.928540 32.231098 -0.053650 0.931048 0.360932 -0.064900 0.000000 0.000000 0.000000 1.000000
0.996468 0.046576 0.069874 0.002600 0.052003 0.311072 -0.948963 32.231098 -0.065935 0.949244 0.307551 -0.064900 0.000000 0.000000 0.000000 1.000000
0.996898 0.063720 0.046197 0.002600 0.029213 0.245462 -0.968966 32.231098 -0.073082 0.967310 0.242839 -0.064900 0.000000 0.000000 0.000000 1.000000
0.990437 0.131786 0.040842 0.002600 0.019824 0.157018 -0.987397 32.231098 -0.136537 0.978763 0.152904 -0.064900 0.000000 0.000000 0.000000 1.000000
0.981868 0.188529 0.019813 0.002600 0.003293 0.087540 -0.996156 32.231098 -0.189539 0.978158 0.085332 -0.064900 0.000000 0.000000 0.000000 1.000000
0.979072 0.203402 0.006761 0.002600 0.000398 0.031310 -0.999510 32.231098 -0.203514 0.978594 0.030574 -0.064900 0.000000 0.000000 0.000000 1.000000
0.975802 0.218489 0.008592 0.002600 0.002248 0.029269 -0.999569 32.231098 -0.218647 0.975400 0.028070 -0.064900 0.000000 0.000000 0.000000 1.000000
0.969223 0.245974 -0.010216 0.002600 -0.031518 0.082822 -0.996066 32.231098 -0.244160 0.965731 0.088025 -0.064900 0.000000 0.000000 0.000000 1.000000
0.975013 0.217303 -0.046144 0.002600 -0.098918 0.238698 -0.966043 32.231098 -0.198909 0.946469 0.254229 -0.064900 0.000000 0.000000 0.000000 1.000000
0.991952 0.115209 -0.052511 0.002600 -0.113350 0.623284 -0.773737 32.231098 -0.056412 0.773462 0.631327 -0.064900 0.000000 0.000000 0.000000 1.000000
0.998812 0.038365 -0.030034 0.002600 -0.048555 0.834917 -0.548230 32.231098 0.004043 0.549038 0.835788 -0.064900 0.000000 0.000000 0.000000 1.000000
0.999984 -0.000513 0.005643 0.002600 0.003378 0.853531 -0.521032 32.231098 -0.004549 0.521042 0.853519 -0.064900 0.000000 0.000000 0.000000 1.000000
0.999891 0.014584 0.002452 0.002600 -0.010328 0.807305 -0.590044 32.231098 -0.010585 0.589954 0.807367 -0.064900 0.000000 0.000000 0.000000 1.000000
0.999653 0.018546 -0.018712 0.002600 -0.026262 0.757956 -0.651776 32.231098 0.002095 0.652041 0.758180 -0.064900 0.000000 0.000000 0.000000 1.000000
0.999762 0.012783 -0.017696 0.002600 -0.021634 0.688615 -0.724804 32.231098 0.002920 0.725014 0.688728 -0.064900 0.000000 0.000000 0.000000 1.000000
0.999583 0.014838 -0.024763 0.002600 -0.028657 0.613686 -0.789030 32.231098 0.003489 0.789411 0.613856 -0.064900 0.000000 0.000000 0.000000 1.000000</float_array><technique_common><accessor source="#newVegas_LeftFoot-Matrix-animation-output-transform-array" count="32" stride="16"><param type="float4x4"/></accessor></technique_common></source><source id="newVegas_LeftFoot-Interpolations"><Name_array id="newVegas_LeftFoot-Interpolations-array" count="32">
 LINEAR LINEAR LINEAR LINEAR LINEAR LINEAR LINEAR LINEAR LINEAR LINEAR LINEAR
LINEAR LINEAR LINEAR LINEAR LINEAR LINEAR LINEAR LINEAR LINEAR LINEAR LINEAR LINEAR
LINEAR LINEAR LINEAR LINEAR LINEAR LINEAR LINEAR LINEAR LINEAR</Name_array><technique_common><accessor source="#newVegas_LeftFoot-Interpolations-array" count="32"><param type="name"/></accessor></technique_common></source><sampler id="newVegas_LeftFoot-Matrix-animation-transform"><input semantic="INPUT" source="#newVegas_LeftFoot-Matrix-animation-input"/><input semantic="OUTPUT" source="#newVegas_LeftFoot-Matrix-animation-output-transform"/><input semantic="INTERPOLATION" source="#newVegas_LeftFoot-Interpolations"/></sampler><channel source="#newVegas_LeftFoot-Matrix-animation-transform" target="newVegas_LeftFoot/matrix"/></animation>
    <animation id="newVegas_RightUpLeg-anim" name="newVegas_RightUpLeg"><source id="newVegas_RightUpLeg-Matrix-animation-input"><float_array id="newVegas_RightUpLeg-Matrix-animation-input-array" count="32">

0.000000 0.033333 0.066667 0.100000 0.133333 0.166667 0.200000 0.233333 0.266667 0.300000 0.333333 0.366667 0.400000 0.433333 0.466667 0.500000
0.533333 0.566667 0.600000 0.633333 0.666667 0.700000 0.733333 0.766667 0.800000 0.833333 0.866667 0.900000 0.933333 0.966667 1.000000 1.033333</float_array><technique_common><accessor source="#newVegas_RightUpLeg-Matrix-animation-input-array" count="32"><param name="TIME" type="float"/></accessor></technique_common></source><source id="newVegas_RightUpLeg-Matrix-animation-output-transform"><float_array id="newVegas_RightUpLeg-Matrix-animation-output-transform-array" count="512">

-0.988255 0.071853 -0.134869 -18.735201 -0.109652 -0.948138 0.298346 -5.666700 -0.106437 0.309630 0.944881 -4.541200 0.000000 0.000000 0.000000 1.000000
-0.987092 0.093020 -0.130373 -18.735201 -0.117097 -0.974530 0.191257 -5.666700 -0.109262 0.204054 0.972843 -4.541200 0.000000 0.000000 0.000000 1.000000
-0.983229 0.121275 -0.136213 -18.735201 -0.134402 -0.986677 0.091680 -5.666700 -0.123280 0.108450 0.986428 -4.541200 0.000000 0.000000 0.000000 1.000000
-0.978850 0.143429 -0.145882 -18.735201 -0.144397 -0.989512 -0.003988 -5.666700 -0.144924 0.017161 0.989294 -4.541200 0.000000 0.000000 0.000000 1.000000
-0.975636 0.153847 -0.156413 -18.735201 -0.139839 -0.985413 -0.096989 -5.666700 -0.169053 -0.072753 0.982918 -4.541200 0.000000 0.000000 0.000000 1.000000
-0.974572 0.155886 -0.160961 -18.735201 -0.119841 -0.969585 -0.213409 -5.666700 -0.189333 -0.188693 0.963612 -4.541200 0.000000 0.000000 0.000000 1.000000
-0.973267 0.151483 -0.172638 -18.735201 -0.099970 -0.956126 -0.275371 -5.666700 -0.206778 -0.250751 0.945710 -4.541200 0.000000 0.000000 0.000000 1.000000
-0.970061 0.138989 -0.199156 -18.735201 -0.070157 -0.945457 -0.318101 -5.666700 -0.232506 -0.294606 0.926903 -4.541200 0.000000 0.000000 0.000000 1.000000
-0.957872 0.155833 -0.241242 -18.735201 -0.050719 -0.918574 -0.391981 -5.666700 -0.282682 -0.363232 0.887780 -4.541200 0.000000 0.000000 0.000000 1.000000
-0.946392 0.093035 -0.309333 -18.735201 -0.027846 -0.977558 -0.208818 -5.666700 -0.321819 -0.189010 0.927744 -4.541200 0.000000 0.000000 0.000000 1.000000
-0.958540 -0.085304 -0.271891 -18.735201 0.061760 -0.993653 0.094021 -5.666700 -0.278186 0.073331 0.957724 -4.541200 0.000000 0.000000 0.000000 1.000000
-0.965024 -0.142818 -0.219845 -18.735201 0.080790 -0.959782 0.268871 -5.666700 -0.249403 0.241706 0.937751 -4.541200 0.000000 0.000000 0.000000 1.000000
-0.967058 -0.147430 -0.207516 -18.735201 0.043345 -0.898674 0.436471 -5.666700 -0.250838 0.413098 0.875460 -4.541200 0.000000 0.000000 0.000000 1.000000
-0.966701 -0.143620 -0.211809 -18.735201 0.003361 -0.834724 0.550659 -5.666700 -0.255888 0.531610 0.807411 -4.541200 0.000000 0.000000 0.000000 1.000000
-0.966497 -0.150263 -0.208098 -18.735201 -0.012317 -0.782651 0.622339 -5.666700 -0.256383 0.604052 0.754579 -4.541200 0.000000 0.000000 0.000000 1.000000
-0.968864 -0.162915 -0.186445 -18.735201 -0.001317 -0.749624 0.661863 -5.666700 -0.247591 0.641500 0.726069 -4.541200 0.000000 0.000000 0.000000 1.000000
-0.972599 -0.173806 -0.154412 -18.735201 0.022450 -0.731274 0.681714 -5.666700 -0.231404 0.659567 0.715139 -4.541200 0.000000 0.000000 0.000000 1.000000
-0.972036 -0.206627 -0.111589 -18.735201 0.074079 -0.720723 0.689253 -5.666700 -0.222843 0.661712 0.715876 -4.541200 0.000000 0.000000 0.000000 1.000000
-0.959319 -0.275667 -0.060945 -18.735201 0.159344 -0.706875 0.689157 -5.666700 -0.233059 0.651410 0.722045 -4.541200 0.000000 0.000000 0.000000 1.000000
-0.938987 -0.343779 -0.010908 -18.735201 0.227030 -0.643304 0.731175 -5.666700 -0.258380 0.684088 0.682102 -4.541200 0.000000 0.000000 0.000000 1.000000
-0.920824 -0.389721 0.014191 -18.735201 0.258508 -0.582743 0.770444 -5.666700 -0.291988 0.713111 0.637350 -4.541200 0.000000 0.000000 0.000000 1.000000
-0.911018 -0.412336 0.005045 -18.735201 0.263782 -0.573311 0.775715 -5.666700 -0.316963 0.708021 0.631063 -4.541200 0.000000 0.000000 0.000000 1.000000
-0.931928 -0.362447 0.011932 -18.735201 0.214517 -0.524444 0.823979 -5.666700 -0.292391 0.770449 0.566495 -4.541200 0.000000 0.000000 0.000000 1.000000
-0.955845 -0.293839 -0.004321 -18.735201 0.160587 -0.534583 0.829718 -5.666700 -0.246114 0.792388 0.558166 -4.541200 0.000000 0.000000 0.000000 1.000000
-0.971898 -0.235402 -0.000993 -18.735201 0.126656 -0.526467 0.840708 -5.666700 -0.198427 0.816957 0.541487 -4.541200 0.000000 0.000000 0.000000 1.000000
-0.980880 -0.193552 -0.020303 -18.735201 0.083930 -0.514832 0.853173 -5.666700 -0.175586 0.835156 0.521233 -4.541200 0.000000 0.000000 0.000000 1.000000
-0.985888 -0.152742 -0.068516 -18.735201 0.028298 -0.555449 0.831069 -5.666700 -0.164997 0.817402 0.551933 -4.541200 0.000000 0.000000 0.000000 1.000000
-0.987989 -0.104621 -0.113721 -18.735201 -0.021374 -0.636337 0.771115 -5.666700 -0.153040 0.764283 0.626458 -4.541200 0.000000 0.000000 0.000000 1.000000
-0.989246 -0.049041 -0.137792 -18.735201 -0.058403 -0.731288 0.679564 -5.666700 -0.134092 0.680304 0.720559 -4.541200 0.000000 0.000000 0.000000 1.000000
-0.989241 0.004176 -0.146236 -18.735201 -0.086776 -0.821510 0.563552 -5.666700 -0.117781 0.570178 0.813034 -4.541200 0.000000 0.000000 0.000000 1.000000
-0.988554 0.045442 -0.143864 -18.735201 -0.103459 -0.898220 0.427196 -5.666700 -0.109809 0.437190 0.892640 -4.541200 0.000000 0.000000 0.000000 1.000000
-0.988255 0.071853 -0.134869 -18.735201 -0.109652 -0.948138 0.298346 -5.666700 -0.106438 0.309631 0.944881 -4.541200 0.000000 0.000000 0.000000 1.000000</float_array><technique_common><accessor source="#newVegas_RightUpLeg-Matrix-animation-output-transform-array" count="32" stride="16"><param type="float4x4"/></accessor></technique_common></source><source id="newVegas_RightUpLeg-Interpolations"><Name_array id="newVegas_RightUpLeg-Interpolations-array" count="32">
