<?xml version="1.0" encoding="utf-8"?>
<COLLADA xmlns="http://www.collada.org/2005/11/COLLADASchema" version="1.4.1">
  <asset><contributor><author>Mixamo</author><authoring_tool>COLLADA Mixamo exporter</authoring_tool><comments></comments></contributor><created>2017-03-27T20:55:40Z</created><modified>2017-03-27T20:55:40Z</modified><revision></revision><title></title><unit meter="0.010000"/><up_axis>Y_UP</up_axis></asset>
  <library_animations>
    <animation id="newVegas_Hips-anim" name="newVegas_Hips"><source id="newVegas_Hips-Matrix-animation-input"><float_array id="newVegas_Hips-Matrix-animation-input-array" count="29">

0.000000 0.033333 0.066667 0.100000 0.133333 0.166667 0.200000 0.233333 0.266667 0.300000 0.333333 0.366667 0.400000 0.433333 0.466667 0.500000
0.533333 0.566667 0.600000 0.633333 0.666667 0.700000 0.733333 0.766667 0.800000 0.833333 0.866667 0.900000 0.933333</float_array><technique_common><accessor source="#newVegas_Hips-Matrix-animation-input-array" count="29"><param name="TIME" type="float"/></accessor></technique_common></source><source id="newVegas_Hips-Matrix-animation-output-transform"><float_array id="newVegas_Hips-Matrix-animation-output-transform-array" count="464">

0.992697 0.041649 0.113219 0.942474 -0.049251 0.996656 0.065198 95.254189 -0.110125 -0.070298 0.991429 4.293914 0.000000 0.000000 0.000000 1.000000
0.996203 0.044852 0.074618 1.316799 -0.049511 0.996859 0.061812 95.014862 -0.071612 -0.065272 0.995295 3.949796 0.000000 0.000000 0.000000 1.000000
0.998130 0.047776 0.038128 2.433787 -0.049923 0.997096 0.057506 94.588058 -0.035269 -0.059302 0.997617 3.223018 0.000000 0.000000 0.000000 1.000000
0.998732 0.050276 0.002724 4.015341 -0.050350 0.997339 0.052727 94.304886 -0.000066 -0.052798 0.998605 2.560390 0.000000 0.000000 0.000000 1.000000
0.998074 0.052810 -0.032554 5.752632 -0.051219 0.997537 0.047912 94.324554 0.035005 -0.046153 0.998321 1.938711 0.000000 0.000000 0.000000 1.000000
0.996120 0.054936 -0.068757 7.222207 -0.052021 0.997698 0.043497 94.406631 0.070988 -0.039752 0.996685 1.359362 0.000000 0.000000 0.000000 1.000000
0.992674 0.056127 -0.107000 8.370138 -0.052116 0.997843 0.039917 94.377304 0.109009 -0.034048 0.993457 0.893945 0.000000 0.000000 0.000000 1.000000
0.987334 0.056427 -0.148281 9.247924 -0.051389 0.997971 0.037593 94.167198 0.150101 -0.029497 0.988231 0.489199 0.000000 0.000000 0.000000 1.000000
0.979497 0.056448 -0.193390 9.834784 -0.050226 0.998055 0.036928 93.872643 0.195098 -0.026457 0.980427 0.053075 0.000000 0.000000 0.000000 1.000000
0.968385 0.056852 -0.242897 10.157659 -0.048990 0.998065 0.038292 93.627411 0.244604 -0.025182 0.969296 -0.396868 0.000000 0.000000 0.000000 1.000000
0.950787 0.057163 -0.304526 10.212378 -0.045656 0.997953 0.044778 93.490242 0.306462 -0.028671 0.951451 -0.976254 0.000000 0.000000 0.000000 1.000000
0.929557 0.060297 -0.363715 9.948182 -0.043517 0.997583 0.054163 93.597939 0.366102 -0.034519 0.929934 -1.646821 0.000000 0.000000 0.000000 1.000000
0.906862 0.066579 -0.416135 9.407331 -0.044799 0.997077 0.061899 93.841385 0.419040 -0.037492 0.907193 -2.371142 0.000000 0.000000 0.000000 1.000000
0.876484 0.075494 -0.475476 8.769077 -0.048871 0.996479 0.068128 93.919136 0.478945 -0.036476 0.877087 -3.247222 0.000000 0.000000 0.000000 1.000000
0.833522 0.082812 -0.546245 8.113735 -0.048933 0.995883 0.076310 93.934982 0.550316 -0.036876 0.834142 -4.104455 0.000000 0.000000 0.000000 1.000000
0.773685 0.088605 -0.627344 7.398273 -0.043965 0.995294 0.086353 93.844299 0.632043 -0.039228 0.773940 -4.844034 0.000000 0.000000 0.000000 1.000000
0.689883 0.091224 -0.718150 6.640331 -0.034517 0.995045 0.093239 93.890335 0.723098 -0.039536 0.689613 -5.389817 0.000000 0.000000 0.000000 1.000000
0.583734 0.093677 -0.806523 5.874981 -0.025751 0.994958 0.096926 94.036957 0.811536 -0.035810 0.583204 -5.750651 0.000000 0.000000 0.000000 1.000000
0.464627 0.096691 -0.880212 5.057282 -0.016870 0.994807 0.100375 94.359268 0.885346 -0.031788 0.463845 -5.918776 0.000000 0.000000 0.000000 1.000000
0.354682 0.096413 -0.930003 4.189376 -0.009048 0.994977 0.099698 94.823013 0.934943 -0.026947 0.353772 -5.910380 0.000000 0.000000 0.000000 1.000000
0.280323 0.094044 -0.955288 3.281956 -0.008223 0.995388 0.095579 95.210335 0.959871 -0.018938 0.279803 -5.580257 0.000000 0.000000 0.000000 1.000000
0.220724 0.091201 -0.971063 2.205028 -0.010380 0.995782 0.091164 95.312782 0.975281 -0.010042 0.220739 -5.006651 0.000000 0.000000 0.000000 1.000000
0.166877 0.087951 -0.982047 0.948452 -0.014168 0.996125 0.086804 95.107285 0.985876 -0.000572 0.167476 -4.233171 0.000000 0.000000 0.000000 1.000000
0.117647 0.084227 -0.989477 -0.400655 -0.018841 0.996407 0.082577 94.664612 0.992877 0.008928 0.118811 -3.333331 0.000000 0.000000 0.000000 1.000000
0.071527 0.080067 -0.994220 -1.568476 -0.023916 0.996624 0.078540 94.492340 0.997152 0.018160 0.073201 -2.557217 0.000000 0.000000 0.000000 1.000000
0.027217 0.075540 -0.996771 -2.575299 -0.029377 0.996770 0.074738 94.647003 0.999198 0.027248 0.029348 -1.871263 0.000000 0.000000 0.000000 1.000000
-0.021141 0.070234 -0.997307 -3.389024 -0.036374 0.996815 0.070970 94.882751 0.999115 0.037776 -0.018519 -1.142115 0.000000 0.000000 0.000000 1.000000
-0.080177 0.063257 -0.994771 -4.081501 -0.044841 0.996745 0.066997 95.118538 0.995772 0.049978 -0.077079 -0.388747 0.000000 0.000000 0.000000 1.000000
-0.109794 0.059477 -0.992173 -4.394632 -0.049273 0.996655 0.065198 95.249588 0.992732 0.056046 -0.106496 -0.021490 0.000000 0.000000 0.000000 1.000000</float_array><technique_common><accessor source="#newVegas_Hips-Matrix-animation-output-transform-array" count="29" stride="16"><param type="float4x4"/></accessor></technique_common></source><source id="newVegas_Hips-Interpolations"><Name_array id="newVegas_Hips-Interpolations-array" count="29">
 LINEAR LINEAR LINEAR LINEAR LINEAR LINEAR LINEAR LINEAR LINEAR LINEAR LINEAR
LINEAR LINEAR LINEAR LINEAR LINEAR LINEAR LINEAR LINEAR LINEAR LINEAR LINEAR LINEAR
LINEAR LINEAR LINEAR LINEAR LINEAR LINEAR</Name_array><technique_common><accessor source="#newVegas_Hips-Interpolations-array" count="29"><param type="name"/></accessor></technique_common></source><sampler id="newVegas_Hips-Matrix-animation-transform"><input semantic="INPUT" source="#newVegas_Hips-Matrix-animation-input"/><input semantic="OUTPUT" source="#newVegas_Hips-Matrix-animation-output-transform"/><input semantic="INTERPOLATION" source="#newVegas_Hips-Interpolations"/></sampler><channel source="#newVegas_Hips-Matrix-animation-transform" target="newVegas_Hips/matrix"/></animation>
    <animation id="newVegas_Pelvis-anim" name="newVegas_Pelvis"><source id="newVegas_Pelvis-Matrix-animation-input"><float_array id="newVegas_Pelvis-Matrix-animation-input-array" count="29">

0.000000 0.033333 0.066667 0.100000 0.133333 0.166667 0.200000 0.233333 0.266667 0.300000 0.333333 0.366667 0.400000 0.433333 0.466667 0.500000
0.533333 0.566667 0.600000 0.633333 0.666667 0.700000 0.733333 0.766667 0.800000 0.833333 0.866667 0.900000 0.933333</float_array><technique_common><accessor source="#newVegas_Pelvis-Matrix-animation-input-array" count="29"><param name="TIME" type="float"/></accessor></technique_common></source><source id="newVegas_Pelvis-Matrix-animation-output-transform"><float_array id="newVegas_Pelvis-Matrix-animation-output-transform-array" count="464">

1.000000 0.000000 0.000000 0.000000 0.000000 1.000000 0.000000 0.000000 -0.000000 0.000000 1.000000 0.000000 0.000000 0.000000 0.000000 1.000000
1.000000 -0.000000 0.000000 0.000000 -0.000000 1.000000 0.000000 0.000000 -0.000000 0.000000 1.000000 0.000000 0.000000 0.000000 0.000000 1.000000
1.000000 -0.000000 0.000000 0.000000 -0.000000 1.000000 -0.000000 0.000000 0.000000 0.000000 1.000000 0.000000 0.000000 0.000000 0.000000 1.000000
1.000000 -0.000000 -0.000000 0.000000 0.000000 1.000000 -0.000000 0.000000 0.000000 -0.000000 1.000000 0.000000 0.000000 0.000000 0.000000 1.000000
1.000000 -0.000000 0.000000 0.000000 0.000000 1.000000 0.000000 0.000000 0.000000 -0.000000 1.000000 0.000000 0.000000 0.000000 0.000000 1.000000
1.000000 0.000000 -0.000000 0.000000 -0.000000 1.000000 -0.000000 0.000000 -0.000000 -0.000000 1.000000 0.000000 0.000000 0.000000 0.000000 1.000000
1.000000 -0.000000 0.000000 0.000000 -0.000000 1.000000 0.000000 0.000000 -0.000000 0.000000 1.000000 0.000000 0.000000 0.000000 0.000000 1.000000
1.000000 0.000000 0.000000 0.000000 -0.000000 1.000000 0.000000 0.000000 0.000000 0.000000 1.000000 0.000000 0.000000 0.000000 0.000000 1.000000
1.000000 0.000000 -0.000000 0.000000 -0.000000 1.000000 -0.000000 0.000000 -0.000000 -0.000000 1.000000 0.000000 0.000000 0.000000 0.000000 1.000000
1.000000 0.000000 0.000000 0.000000 0.000000 1.000000 0.000000 0.000000 0.000000 -0.000000 1.000000 0.000000 0.000000 0.000000 0.000000 1.000000
1.000000 0.000000 0.000000 0.000000 0.000000 1.000000 0.000000 0.000000 -0.000000 -0.000000 1.000000 0.000000 0.000000 0.000000 0.000000 1.000000
1.000000 0.000000 -0.000000 0.000000 -0.000000 1.000000 0.000000 0.000000 0.000000 0.000000 1.000000 0.000000 0.000000 0.000000 0.000000 1.000000
1.000000 -0.000000 0.000000 0.000000 0.000000 1.000000 0.000000 0.000000 0.000000 -0.000000 1.000000 0.000000 0.000000 0.000000 0.000000 1.000000
1.000000 0.000000 -0.000000 0.000000 0.000000 1.000000 0.000000 0.000000 -0.000000 0.000000 1.000000 0.000000 0.000000 0.000000 0.000000 1.000000
1.000000 0.000000 -0.000000 0.000000 -0.000000 1.000000 -0.000000 0.000000 -0.000000 0.000000 1.000000 0.000000 0.000000 0.000000 0.000000 1.000000
1.000000 -0.000000 0.000000 0.000000 -0.000000 1.000000 -0.000000 0.000000 0.000000 0.000000 1.000000 0.000000 0.000000 0.000000 0.000000 1.000000
1.000000 0.000000 -0.000000 0.000000 0.000000 1.000000 -0.000000 0.000000 0.000000 -0.000000 1.000000 0.000000 0.000000 0.000000 0.000000 1.000000
1.000000 -0.000000 0.000000 0.000000 -0.000000 1.000000 0.000000 0.000000 -0.000000 0.000000 1.000000 0.000000 0.000000 0.000000 0.000000 1.000000
1.000000 -0.000000 0.000000 0.000000 0.000000 1.000000 -0.000000 0.000000 0.000000 0.000000 1.000000 0.000000 0.000000 0.000000 0.000000 1.000000
1.000000 0.000000 0.000000 0.000000 -0.000000 1.000000 -0.000000 0.000000 0.000000 0.000000 1.000000 0.000000 0.000000 0.000000 0.000000 1.000000
1.000000 0.000000 -0.000000 0.000000 -0.000000 1.000000 -0.000000 0.000000 0.000000 -0.000000 1.000000 0.000000 0.000000 0.000000 0.000000 1.000000
1.000000 0.000000 -0.000000 0.000000 0.000000 1.000000 0.000000 0.000000 0.000000 -0.000000 1.000000 0.000000 0.000000 0.000000 0.000000 1.000000
1.000000 0.000000 -0.000000 0.000000 0.000000 1.000000 0.000000 0.000000 0.000000 0.000000 1.000000 0.000000 0.000000 0.000000 0.000000 1.000000
1.000000 0.000000 -0.000000 0.000000 -0.000000 1.000000 0.000000 0.000000 0.000000 0.000000 1.000000 0.000000 0.000000 0.000000 0.000000 1.000000
1.000000 -0.000000 0.000000 0.000000 0.000000 1.000000 0.000000 0.000000 0.000000 0.000000 1.000000 0.000000 0.000000 0.000000 0.000000 1.000000
1.000000 -0.000000 0.000000 0.000000 0.000000 1.000000 0.000000 0.000000 0.000000 -0.000000 1.000000 0.000000 0.000000 0.000000 0.000000 1.000000
1.000000 -0.000000 0.000000 0.000000 0.000000 1.000000 0.000000 0.000000 -0.000000 -0.000000 1.000000 0.000000 0.000000 0.000000 0.000000 1.000000
1.000000 0.000000 0.000000 0.000000 0.000000 1.000000 0.000000 0.000000 0.000000 -0.000000 1.000000 0.000000 0.000000 0.000000 0.000000 1.000000
1.000000 0.000000 0.000000 0.000000 0.000000 1.000000 0.000000 0.000000 0.000000 0.000000 1.000000 0.000000 0.000000 0.000000 0.000000 1.000000</float_array><technique_common><accessor source="#newVegas_Pelvis-Matrix-animation-output-transform-array" count="29" stride="16"><param type="float4x4"/></accessor></technique_common></source><source id="newVegas_Pelvis-Interpolations"><Name_array id="newVegas_Pelvis-Interpolations-array" count="29">
 LINEAR LINEAR LINEAR LINEAR LINEAR LINEAR LINEAR LINEAR LINEAR LINEAR LINEAR
LINEAR LINEAR LINEAR LINEAR LINEAR LINEAR LINEAR LINEAR LINEAR LINEAR LINEAR LINEAR
LINEAR LINEAR LINEAR LINEAR LINEAR LINEAR</Name_array><technique_common><accessor source="#newVegas_Pelvis-Interpolations-array" count="29"><param type="name"/></accessor></technique_common></source><sampler id="newVegas_Pelvis-Matrix-animation-transform"><input semantic="INPUT" source="#newVegas_Pelvis-Matrix-animation-input"/><input semantic="OUTPUT" source="#newVegas_Pelvis-Matrix-animation-output-transform"/><input semantic="INTERPOLATION" source="#newVegas_Pelvis-Interpolations"/></sampler><channel source="#newVegas_Pelvis-Matrix-animation-transform" target="newVegas_Pelvis/matrix"/></animation>
    <animation id="newVegas_LeftUpLeg-anim" name="newVegas_LeftUpLeg"><source id="newVegas_LeftUpLeg-Matrix-animation-input"><float_array id="newVegas_LeftUpLeg-Matrix-animation-input-array" count="29">

0.000000 0.033333 0.066667 0.100000 0.133333 0.166667 0.200000 0.233333 0.266667 0.300000 0.333333 0.366667 0.400000 0.433333 0.466667 0.500000
0.533333 0.566667 0.600000 0.633333 0.666667 0.700000 0.733333 0.766667 0.800000 0.833333 0.866667 0.900000 0.933333</float_array><technique_common><accessor source="#newVegas_LeftUpLeg-Matrix-animation-input-array" count="29"><param name="TIME" type="float"/></accessor></technique_common></source><source id="newVegas_LeftUpLeg-Matrix-animation-output-transform"><float_array id="newVegas_LeftUpLeg-Matrix-animation-output-transform-array" count="464">

-0.951529 0.205587 0.228749 18.735201 -0.142829 -0.954071 0.263342 -5.666700 0.272382 0.217906 0.937190 -4.541200 0.000000 0.000000 0.000000 1.000000
-0.952965 0.203594 0.224514 18.735201 -0.139432 -0.952234 0.271677 -5.666700 0.269102 0.227595 0.935834 -4.541200 0.000000 0.000000 0.000000 1.000000
-0.960309 0.187114 0.206870 18.735201 -0.121265 -0.947932 0.294482 -5.666700 0.251200 0.257708 0.932998 -4.541200 0.000000 0.000000 0.000000 1.000000
-0.970816 0.156552 0.181679 18.735201 -0.095205 -0.946875 0.307187 -5.666700 0.220118 0.280926 0.934146 -4.541200 0.000000 0.000000 0.000000 1.000000
-0.977365 0.121775 0.173001 18.735201 -0.063903 -0.949463 0.307305 -5.666700 0.201680 0.289294 0.935753 -4.541200 0.000000 0.000000 0.000000 1.000000
-0.978899 0.093997 0.181443 18.735201 -0.034918 -0.951808 0.304700 -5.666700 0.201340 0.291935 0.935006 -4.541200 0.000000 0.000000 0.000000 1.000000
-0.979271 0.071663 0.189455 18.735201 -0.011002 -0.952762 0.303519 -5.666700 0.202257 0.295143 0.933800 -4.541200 0.000000 0.000000 0.000000 1.000000
-0.979597 0.053731 0.193658 18.735201 0.008488 -0.951678 0.306981 -5.666700 0.200794 0.302362 0.931804 -4.541200 0.000000 0.000000 0.000000 1.000000
-0.978830 0.042732 0.200166 18.735201 0.022395 -0.949732 0.312263 -5.666700 0.203448 0.310135 0.928669 -4.541200 0.000000 0.000000 0.000000 1.000000
-0.976616 0.039705 0.211291 18.735201 0.029166 -0.949243 0.313188 -5.666700 0.213002 0.312027 0.925888 -4.541200 0.000000 0.000000 0.000000 1.000000
-0.971636 0.045360 0.232092 18.735201 0.027711 -0.952832 0.302231 -5.666700 0.234853 0.300090 0.924548 -4.541200 0.000000 0.000000 0.000000 1.000000
-0.964416 0.059964 0.257501 18.735201 0.015542 -0.959400 0.281621 -5.666700 0.263934 0.275602 0.924328 -4.541200 0.000000 0.000000 0.000000 1.000000
-0.952795 0.089163 0.290226 18.735201 -0.007174 -0.962251 0.272070 -5.666700 0.303529 0.257145 0.917468 -4.541200 0.000000 0.000000 0.000000 1.000000
-0.920452 0.162761 0.355354 18.735201 -0.037611 -0.941836 0.333962 -5.666700 0.389041 0.294030 0.873037 -4.541200 0.000000 0.000000 0.000000 1.000000
-0.883682 0.237551 0.403332 18.735201 -0.055794 -0.908968 0.413114 -5.666700 0.464751 0.342558 0.816493 -4.541200 0.000000 0.000000 0.000000 1.000000
-0.871112 0.291047 0.395545 18.735201 -0.066156 -0.867659 0.492739 -5.666700 0.486608 0.403063 0.775082 -4.541200 0.000000 0.000000 0.000000 1.000000
-0.869410 0.320468 0.376068 18.735201 -0.082836 -0.844896 0.528478 -5.666700 0.487098 0.428312 0.761107 -4.541200 0.000000 0.000000 0.000000 1.000000
-0.878006 0.326880 0.349651 18.735201 -0.108831 -0.847694 0.519202 -5.666700 0.466114 0.417809 0.779855 -4.541200 0.000000 0.000000 0.000000 1.000000
-0.898445 0.310138 0.310824 18.735201 -0.133046 -0.866895 0.480409 -5.666700 0.418444 0.390267 0.820120 -4.541200 0.000000 0.000000 0.000000 1.000000
-0.925997 0.274497 0.259194 18.735201 -0.146196 -0.893705 0.424168 -5.666700 0.348075 0.354885 0.867698 -4.541200 0.000000 0.000000 0.000000 1.000000
-0.949769 0.240321 0.200462 18.735201 -0.150803 -0.912727 0.379721 -5.666700 0.274222 0.330417 0.903121 -4.541200 0.000000 0.000000 0.000000 1.000000
-0.958348 0.252302 0.133839 18.735201 -0.191686 -0.915602 0.353453 -5.666700 0.211720 0.313075 0.925828 -4.541200 0.000000 0.000000 0.000000 1.000000
-0.957591 0.275249 0.085189 18.735201 -0.232651 -0.913060 0.334954 -5.666700 0.169979 0.300930 0.938375 -4.541200 0.000000 0.000000 0.000000 1.000000
-0.960648 0.272044 0.056110 18.735201 -0.241220 -0.917204 0.317096 -5.666700 0.137728 0.291082 0.946732 -4.541200 0.000000 0.000000 0.000000 1.000000
-0.964997 0.240180 0.105331 18.735201 -0.193385 -0.922947 0.332823 -5.666700 0.177153 0.300804 0.937088 -4.541200 0.000000 0.000000 0.000000 1.000000
-0.948266 0.239488 0.208415 18.735201 -0.165823 -0.933434 0.318126 -5.666700 0.270729 0.267108 0.924856 -4.541200 0.000000 0.000000 0.000000 1.000000
-0.950409 0.225161 0.214535 18.735201 -0.155484 -0.941423 0.299245 -5.666700 0.269346 0.251048 0.929746 -4.541200 0.000000 0.000000 0.000000 1.000000
-0.951804 0.212133 0.221514 18.735201 -0.147372 -0.949714 0.276268 -5.666700 0.268980 0.230308 0.935205 -4.541200 0.000000 0.000000 0.000000 1.000000
-0.952255 0.205853 0.225465 18.735201 -0.143941 -0.953981 0.263063 -5.666700 0.269242 0.218049 0.938064 -4.541200 0.000000 0.000000 0.000000 1.000000</float_array><technique_common><accessor source="#newVegas_LeftUpLeg-Matrix-animation-output-transform-array" count="29" stride="16"><param type="float4x4"/></accessor></technique_common></source><source id="newVegas_LeftUpLeg-Interpolations"><Name_array id="newVegas_LeftUpLeg-Interpolations-array" count="29">
 LINEAR LINEAR LINEAR LINEAR LINEAR LINEAR LINEAR LINEAR LINEAR LINEAR LINEAR
LINEAR LINEAR LINEAR LINEAR LINEAR LINEAR LINEAR LINEAR LINEAR LINEAR LINEAR LINEAR
LINEAR LINEAR LINEAR LINEAR LINEAR LINEAR</Name_array><technique_common><accessor source="#newVegas_LeftUpLeg-Interpolations-array" count="29"><param type="name"/></accessor></technique_common></source><sampler id="newVegas_LeftUpLeg-Matrix-animation-transform"><input semantic="INPUT" source="#newVegas_LeftUpLeg-Matrix-animation-input"/><input semantic="OUTPUT" source="#newVegas_LeftUpLeg-Matrix-animation-output-transform"/><input semantic="INTERPOLATION" source="#newVegas_LeftUpLeg-Interpolations"/></sampler><channel source="#newVegas_LeftUpLeg-Matrix-animation-transform" target="newVegas_LeftUpLeg/matrix"/></animation>
    <animation id="newVegas_LeftLeg-anim" name="newVegas_LeftLeg"><source id="newVegas_LeftLeg-Matrix-animation-input"><float_array id="newVegas_LeftLeg-Matrix-animation-input-array" count="29">

0.000000 0.033333 0.066667 0.100000 0.133333 0.166667 0.200000 0.233333 0.266667 0.300000 0.333333 0.366667 0.400000 0.433333 0.466667 0.500000
0.533333 0.566667 0.600000 0.633333 0.666667 0.700000 0.733333 0.766667 0.800000 0.833333 0.866667 0.900000 0.933333</float_array><technique_common><accessor source="#newVegas_LeftLeg-Matrix-animation-input-array" count="29"><param name="TIME" type="float"/></accessor></technique_common></source><source id="newVegas_LeftLeg-Matrix-animation-output-transform"><float_array id="newVegas_LeftLeg-Matrix-animation-output-transform-array" count="464">

0.995787 -0.083322 -0.038296 -0.255500 0.091453 0.871616 0.481583 31.940800 -0.006748 -0.483056 0.875563 0.083000 0.000000 0.000000 0.000000 1.000000
0.994166 -0.079970 -0.072382 -0.255500 0.105826 0.852951 0.511151 31.940800 0.020862 -0.515829 0.856438 0.083000 0.000000 0.000000 0.000000 1.000000
0.991129 -0.077868 -0.107706 -0.255500 0.125194 0.819022 0.559937 31.940800 0.044613 -0.568454 0.821505 0.083000 0.000000 0.000000 0.000000 1.000000
0.986554 -0.074653 -0.145390 -0.255500 0.147131 0.793005 0.591182 31.940800 0.071161 -0.604624 0.793326 0.083000 0.000000 0.000000 0.000000 1.000000
0.983640 -0.076816 -0.162944 -0.255500 0.160196 0.786708 0.596178 31.940800 0.082393 -0.612528 0.786143 0.083000 0.000000 0.000000 0.000000 1.000000
0.983921 -0.083794 -0.157725 -0.255500 0.162339 0.787776 0.594184 31.940800 0.074463 -0.610236 0.788713 0.083000 0.000000 0.000000 0.000000 1.000000
0.984469 -0.090490 -0.150439 -0.255500 0.163436 0.785296 0.597159 31.940800 0.064102 -0.612472 0.787889 0.083000 0.000000 0.000000 0.000000 1.000000
0.984195 -0.095576 -0.149080 -0.255500 0.167627 0.774267 0.610255 31.940800 0.057103 -0.625600 0.778051 0.083000 0.000000 0.000000 0.000000 1.000000
0.983636 -0.098839 -0.150632 -0.255500 0.172406 0.759098 0.627731 31.940800 0.052301 -0.643429 0.763717 0.083000 0.000000 0.000000 0.000000 1.000000
0.982968 -0.098382 -0.155225 -0.255500 0.176040 0.746562 0.641604 31.940800 0.052763 -0.658002 0.751166 0.083000 0.000000 0.000000 0.000000 1.000000
0.981659 -0.091113 -0.167461 -0.255500 0.179142 0.741338 0.646782 31.940800 0.065215 -0.664919 0.744063 0.083000 0.000000 0.000000 0.000000 1.000000
0.980109 -0.081335 -0.181028 -0.255500 0.180077 0.747887 0.638935 31.940800 0.083421 -0.658825 0.747657 0.083000 0.000000 0.000000 0.000000 1.000000
0.982854 -0.070705 -0.170289 -0.255500 0.164800 0.751070 0.639324 31.940800 0.082695 -0.656426 0.749844 0.083000 0.000000 0.000000 0.000000 1.000000
0.997920 -0.045934 -0.045219 -0.255500 0.064450 0.701013 0.710230 31.940800 -0.000925 -0.711667 0.702516 0.083000 0.000000 0.000000 0.000000 1.000000
0.997183 -0.028018 0.069576 -0.255500 -0.035539 0.640381 0.767234 31.940800 -0.066052 -0.767546 0.637582 0.083000 0.000000 0.000000 0.000000 1.000000
0.996228 -0.016007 0.085282 -0.255500 -0.060974 0.570133 0.819286 31.940800 -0.061737 -0.821396 0.567007 0.083000 0.000000 0.000000 0.000000 1.000000
0.989879 -0.019233 0.140602 -0.255500 -0.106485 0.554255 0.825507 31.940800 -0.093807 -0.832124 0.546598 0.083000 0.000000 0.000000 0.000000 1.000000
0.986813 -0.012118 0.161411 -0.255500 -0.124661 0.579178 0.805613 31.940800 -0.103248 -0.815111 0.570030 0.083000 0.000000 0.000000 0.000000 1.000000
0.986224 0.000936 0.165410 -0.255500 -0.129521 0.626358 0.768700 31.940800 -0.102886 -0.779535 0.617851 0.083000 0.000000 0.000000 0.000000 1.000000
0.986405 0.007043 0.164179 -0.255500 -0.123748 0.689199 0.713927 31.940800 -0.108124 -0.724538 0.680701 0.083000 0.000000 0.000000 0.000000 1.000000
0.985130 -0.000214 0.171811 -0.255500 -0.110129 0.766763 0.632413 31.940800 -0.131873 -0.641931 0.755337 0.083000 0.000000 0.000000 0.000000 1.000000
0.996993 0.050201 0.059039 -0.255500 -0.074729 0.824545 0.560840 31.940800 -0.020526 -0.563565 0.825816 0.083000 0.000000 0.000000 0.000000 1.000000
0.992154 0.091453 -0.085248 -0.255500 -0.034179 0.854287 0.518677 31.940800 0.120260 -0.511694 0.850709 0.083000 0.000000 0.000000 0.000000 1.000000
0.990502 0.068295 -0.119337 -0.255500 -0.006780 0.891128 0.453701 31.940800 0.137330 -0.448583 0.883127 0.083000 0.000000 0.000000 0.000000 1.000000
0.990765 0.010741 -0.135166 -0.255500 0.057059 0.871270 0.487475 31.940800 0.123002 -0.490686 0.862611 0.083000 0.000000 0.000000 0.000000 1.000000
0.994628 -0.012962 0.102698 -0.255500 -0.034495 0.893918 0.446901 31.940800 -0.097596 -0.448043 0.888669 0.083000 0.000000 0.000000 0.000000 1.000000
0.997760 -0.045041 0.049457 -0.255500 0.016637 0.883203 0.468696 31.940800 -0.064791 -0.466824 0.881974 0.083000 0.000000 0.000000 0.000000 1.000000
0.997370 -0.070851 -0.015293 -0.255500 0.069454 0.873837 0.481234 31.940800 -0.020732 -0.481030 0.876459 0.083000 0.000000 0.000000 0.000000 1.000000
0.995556 -0.081237 -0.047622 -0.255500 0.094136 0.871432 0.481398 31.940800 0.002392 -0.483742 0.875207 0.083000 0.000000 0.000000 0.000000 1.000000</float_array><technique_common><accessor source="#newVegas_LeftLeg-Matrix-animation-output-transform-array" count="29" stride="16"><param type="float4x4"/></accessor></technique_common></source><source id="newVegas_LeftLeg-Interpolations"><Name_array id="newVegas_LeftLeg-Interpolations-array" count="29">
 LINEAR LINEAR LINEAR LINEAR LINEAR LINEAR LINEAR LINEAR LINEAR LINEAR LINEAR
LINEAR LINEAR LINEAR LINEAR LINEAR LINEAR LINEAR LINEAR LINEAR LINEAR LINEAR LINEAR
LINEAR LINEAR LINEAR LINEAR LINEAR LINEAR</Name_array><technique_common><accessor source="#newVegas_LeftLeg-Interpolations-array" count="29"><param type="name"/></accessor></technique_common></source><sampler id="newVegas_LeftLeg-Matrix-animation-transform"><input semantic="INPUT" source="#newVegas_LeftLeg-Matrix-animation-input"/><input semantic="OUTPUT" source="#newVegas_LeftLeg-Matrix-animation-output-transform"/><input semantic="INTERPOLATION" source="#newVegas_LeftLeg-Interpolations"/></sampler><channel source="#newVegas_LeftLeg-Matrix-animation-transform" target="newVegas_LeftLeg/matrix"/></animation>
    <animation id="newVegas_LeftFoot-anim" name="newVegas_LeftFoot"><source id="newVegas_LeftFoot-Matrix-animation-input"><float_array id="newVegas_LeftFoot-Matrix-animation-input-array" count="29">

0.000000 0.033333 0.066667 0.100000 0.133333 0.166667 0.200000 0.233333 0.266667 0.300000 0.333333 0.366667 0.400000 0.433333 0.466667 0.500000
0.533333 0.566667 0.600000 0.633333 0.666667 0.700000 0.733333 0.766667 0.800000 0.833333 0.866667 0.900000 0.933333</float_array><technique_common><accessor source="#newVegas_LeftFoot-Matrix-animation-input-array" count="29"><param name="TIME" type="float"/></accessor></technique_common></source><source id="newVegas_LeftFoot-Matrix-animation-output-transform"><float_array id="newVegas_LeftFoot-Matrix-animation-output-transform-array" count="464">

0.994971 0.041595 -0.091113 0.002600 -0.099905 0.476804 -0.873314 32.231098 0.007117 0.878025 0.478562 -0.064900 0.000000 0.000000 0.000000 1.000000
0.994437 0.034331 -0.099578 0.002600 -0.104276 0.454266 -0.884742 32.231098 0.014861 0.890205 0.455319 -0.064900 0.000000 0.000000 0.000000 1.000000
0.993915 0.009768 -0.109716 0.002600 -0.103507 0.423501 -0.899963 32.231098 0.037674 0.905843 0.421935 -0.064900 0.000000 0.000000 0.000000 1.000000
0.992258 -0.026090 -0.121423 0.002600 -0.101017 0.399205 -0.911280 32.231098 0.072248 0.916491 0.393478 -0.064900 0.000000 0.000000 0.000000 1.000000
0.988793 -0.071259 -0.131192 0.002600 -0.093462 0.389794 -0.916147 32.231098 0.116421 0.918141 0.378766 -0.064900 0.000000 0.000000 0.000000 1.000000
0.982412 -0.120680 -0.142487 0.002600 -0.085743 0.386319 -0.918371 32.231098 0.165874 0.914436 0.369177 -0.064900 0.000000 0.000000 0.000000 1.000000
0.972782 -0.168542 -0.159024 0.002600 -0.084592 0.380608 -0.920859 32.231098 0.215729 0.909248 0.355991 -0.064900 0.000000 0.000000 0.000000 1.000000
0.960502 -0.212148 -0.180080 0.002600 -0.091700 0.369683 -0.924622 32.231098 0.262729 0.904615 0.335627 -0.064900 0.000000 0.000000 0.000000 1.000000
0.946828 -0.249761 -0.202820 0.002600 -0.104522 0.357413 -0.928079 32.231098 0.304289 0.899931 0.312303 -0.064900 0.000000 0.000000 0.000000 1.000000
0.933485 -0.279655 -0.224496 0.002600 -0.119734 0.347039 -0.930176 32.231098 0.338038 0.895185 0.290471 -0.064900 0.000000 0.000000 0.000000 1.000000
0.922320 -0.299431 -0.244266 0.002600 -0.136086 0.339935 -0.930551 32.231098 0.361671 0.891507 0.272781 -0.064900 0.000000 0.000000 0.000000 1.000000
0.915497 -0.306662 -0.260428 0.002600 -0.149500 0.341659 -0.927857 32.231098 0.373516 0.888385 0.266942 -0.064900 0.000000 0.000000 0.000000 1.000000
0.914086 -0.307977 -0.263814 0.002600 -0.152528 0.341672 -0.927359 32.231098 0.375743 0.887925 0.265342 -0.064900 0.000000 0.000000 0.000000 1.000000
0.916677 -0.354486 -0.184507 0.002600 -0.061539 0.330975 -0.941631 32.231098 0.394862 0.874526 0.281583 -0.064900 0.000000 0.000000 0.000000 1.000000
0.919063 -0.387612 -0.071271 0.002600 0.083215 0.367620 -0.926246 32.231098 0.385225 0.845347 0.370121 -0.064900 0.000000 0.000000 0.000000 1.000000
0.931147 -0.364157 0.018856 0.002600 0.200168 0.467234 -0.861177 32.231098 0.304793 0.805656 0.507956 -0.064900 0.000000 0.000000 0.000000 1.000000
0.951714 -0.306375 0.019362 0.002600 0.203695 0.583047 -0.786489 32.231098 0.229671 0.752456 0.617301 -0.064900 0.000000 0.000000 0.000000 1.000000
0.972419 -0.232335 -0.020537 0.002600 0.137220 0.641071 -0.755115 32.231098 0.188605 0.731471 0.655270 -0.064900 0.000000 0.000000 0.000000 1.000000
0.978168 -0.198073 -0.062887 0.002600 0.081358 0.643446 -0.761156 32.231098 0.191229 0.739422 0.645513 -0.064900 0.000000 0.000000 0.000000 1.000000
0.960619 -0.238239 -0.143013 0.002600 0.037237 0.620410 -0.783393 32.231098 0.275362 0.747217 0.604850 -0.064900 0.000000 0.000000 0.000000 1.000000
0.948375 -0.257298 -0.185426 0.002600 0.012421 0.614345 -0.788940 32.231098 0.316908 0.745907 0.585825 -0.064900 0.000000 0.000000 0.000000 1.000000
0.979301 -0.126896 -0.157695 0.002600 -0.046619 0.616736 -0.785789 32.231098 0.196970 0.776875 0.598054 -0.064900 0.000000 0.000000 0.000000 1.000000
0.990159 0.041327 -0.133706 0.002600 -0.132239 0.588992 -0.797246 32.231098 0.045804 0.807081 0.588661 -0.064900 0.000000 0.000000 0.000000 1.000000
0.980711 0.179043 -0.078420 0.002600 -0.165140 0.544323 -0.822461 32.231098 -0.104570 0.819546 0.563390 -0.064900 0.000000 0.000000 0.000000 1.000000
0.978004 0.208579 0.001945 0.002600 -0.103746 0.494498 -0.862965 32.231098 -0.180958 0.843781 0.505260 -0.064900 0.000000 0.000000 0.000000 1.000000
0.998578 0.023152 -0.048026 0.002600 -0.052724 0.562617 -0.825035 32.231098 0.007919 0.826393 0.563038 -0.064900 0.000000 0.000000 0.000000 1.000000
0.997444 0.032655 -0.063551 0.002600 -0.071221 0.525495 -0.847811 32.231098 0.005710 0.850170 0.526477 -0.064900 0.000000 0.000000 0.000000 1.000000
0.995909 0.042338 -0.079833 0.002600 -0.090331 0.490525 -0.866733 32.231098 0.002464 0.870398 0.492342 -0.064900 0.000000 0.000000 0.000000 1.000000
0.994994 0.047293 -0.088034 0.002600 -0.099931 0.476581 -0.873433 32.231098 0.000649 0.877858 0.478921 -0.064900 0.000000 0.000000 0.000000 1.000000</float_array><technique_common><accessor source="#newVegas_LeftFoot-Matrix-animation-output-transform-array" count="29" stride="16"><param type="float4x4"/></accessor></technique_common></source><source id="newVegas_LeftFoot-Interpolations"><Name_array id="newVegas_LeftFoot-Interpolations-array" count="29">
 LINEAR LINEAR LINEAR LINEAR LINEAR LINEAR LINEAR LINEAR LINEAR LINEAR LINEAR
LINEAR LINEAR LINEAR LINEAR LINEAR LINEAR LINEAR LINEAR LINEAR LINEAR LINEAR LINEAR
LINEAR LINEAR LINEAR LINEAR LINEAR LINEAR</Name_array><technique_common><accessor source="#newVegas_LeftFoot-Interpolations-array" count="29"><param type="name"/></accessor></technique_common></source><sampler id="newVegas_LeftFoot-Matrix-animation-transform"><input semantic="INPUT" source="#newVegas_LeftFoot-Matrix-animation-input"/><input semantic="OUTPUT" source="#newVegas_LeftFoot-Matrix-animation-output-transform"/><input semantic="INTERPOLATION" source="#newVegas_LeftFoot-Interpolations"/></sampler><channel source="#newVegas_LeftFoot-Matrix-animation-transform" target="newVegas_LeftFoot/matrix"/></animation>
    <animation id="newVegas_RightUpLeg-anim" name="newVegas_RightUpLeg"><source id="newVegas_RightUpLeg-Matrix-animation-input"><float_array id="newVegas_RightUpLeg-Matrix-animation-input-array" count="29">

0.000000 0.033333 0.066667 0.100000 0.133333 0.166667 0.200000 0.233333 0.266667 0.300000 0.333333 0.366667 0.400000 0.433333 0.466667 0.500000
0.533333 0.566667 0.600000 0.633333 0.666667 0.700000 0.733333 0.766667 0.800000 0.833333 0.866667 0.900000 0.933333</float_array><technique_common><accessor source="#newVegas_RightUpLeg-Matrix-animation-input-array" count="29"><param name="TIME" type="float"/></accessor></technique_common></source><source id="newVegas_RightUpLeg-Matrix-animation-output-transform"><float_array id="newVegas_RightUpLeg-Matrix-animation-output-transform-array" count="464">

-0.983205 0.054664 -0.174125 -18.735201 -0.044642 -0.997141 -0.060965 -5.666700 -0.176960 -0.052167 0.982835 -4.541200 0.000000 0.000000 0.000000 1.000000
-0.983846 0.036583 -0.175239 -18.735201 -0.036562 -0.999326 -0.003349 -5.666700 -0.175243 0.003112 0.984520 -4.541200 0.000000 0.000000 0.000000 1.000000
-0.998213 -0.015814 -0.057625 -18.735201 0.010527 -0.995803 0.090915 -5.666700 -0.058821 0.090146 0.994190 -4.541200 0.000000 0.000000 0.000000 1.000000
-0.999126 -0.041782 0.001247 -18.735201 0.041485 -0.987485 0.152161 -5.666700 -0.005126 0.152079 0.988355 -4.541200 0.000000 0.000000 0.000000 1.000000
-0.998170 -0.060098 -0.006637 -18.735201 0.058302 -0.985759 0.157732 -5.666700 -0.016022 0.157057 0.987460 -4.541200 0.000000 0.000000 0.000000 1.000000
-0.996379 -0.077353 -0.035294 -18.735201 0.071391 -0.986580 0.146843 -5.666700 -0.046179 0.143792 0.988530 -4.541200 0.000000 0.000000 0.000000 1.000000
-0.990128 -0.076514 -0.117440 -18.735201 0.062603 -0.991052 0.117882 -5.666700 -0.125409 0.109366 0.986059 -4.541200 0.000000 0.000000 0.000000 1.000000
-0.982825 -0.059171 -0.174798 -18.735201 0.046017 -0.995861 0.078375 -5.666700 -0.178712 0.068986 0.981480 -4.541200 0.000000 0.000000 0.000000 1.000000
-0.978562 -0.055300 -0.198387 -18.735201 0.045118 -0.997440 0.055487 -5.666700 -0.200948 0.045346 0.978552 -4.541200 0.000000 0.000000 0.000000 1.000000
-0.971702 -0.063551 -0.227499 -18.735201 0.056728 -0.997725 0.036415 -5.666700 -0.229296 0.022479 0.973097 -4.541200 0.000000 0.000000 0.000000 1.000000
-0.960594 -0.059000 -0.271620 -18.735201 0.061089 -0.998132 0.000767 -5.666700 -0.271158 -0.015856 0.962404 -4.541200 0.000000 0.000000 0.000000 1.000000
-0.945011 -0.036176 -0.325031 -18.735201 0.051960 -0.997847 -0.040009 -5.666700 -0.322884 -0.054698 0.944857 -4.541200 0.000000 0.000000 0.000000 1.000000
-0.930858 0.003583 -0.365365 -18.735201 0.017410 -0.998381 -0.054147 -5.666700 -0.364967 -0.056765 0.929288 -4.541200 0.000000 0.000000 0.000000 1.000000
-0.922188 0.032443 -0.385378 -18.735201 -0.008270 -0.997902 -0.064220 -5.666700 -0.386652 -0.056035 0.920522 -4.541200 0.000000 0.000000 0.000000 1.000000
-0.907067 0.040066 -0.419075 -18.735201 -0.016513 -0.998081 -0.059681 -5.666700 -0.420662 -0.047215 0.905988 -4.541200 0.000000 0.000000 0.000000 1.000000
-0.896838 0.032311 -0.441178 -18.735201 -0.017210 -0.999122 -0.038189 -5.666700 -0.442024 -0.026657 0.896607 -4.541200 0.000000 0.000000 0.000000 1.000000
-0.892075 0.030035 -0.450887 -18.735201 -0.024329 -0.999534 -0.018447 -5.666700 -0.451231 -0.005487 0.892390 -4.541200 0.000000 0.000000 0.000000 1.000000
-0.890806 0.029965 -0.453395 -18.735201 -0.031212 -0.999502 -0.004732 -5.666700 -0.453310 0.009936 0.891297 -4.541200 0.000000 0.000000 0.000000 1.000000
-0.894645 0.029892 -0.445776 -18.735201 -0.033927 -0.999424 0.001073 -5.666700 -0.445487 0.016084 0.895144 -4.541200 0.000000 0.000000 0.000000 1.000000
-0.904409 0.034418 -0.425276 -18.735201 -0.041179 -0.999129 0.006712 -5.666700 -0.424675 0.023583 0.905039 -4.541200 0.000000 0.000000 0.000000 1.000000
-0.917068 0.046061 -0.396061 -18.735201 -0.049248 -0.998784 -0.002125 -5.666700 -0.395677 0.017556 0.918222 -4.541200 0.000000 0.000000 0.000000 1.000000
-0.930539 0.057823 -0.361599 -18.735201 -0.055503 -0.998317 -0.016807 -5.666700 -0.361962 0.004431 0.932182 -4.541200 0.000000 0.000000 0.000000 1.000000
-0.944352 0.056513 -0.324046 -18.735201 -0.054154 -0.998400 -0.016301 -5.666700 -0.324448 0.002155 0.945901 -4.541200 0.000000 0.000000 0.000000 1.000000
-0.958570 0.048724 -0.280659 -18.735201 -0.052582 -0.998597 0.006229 -5.666700 -0.279962 0.020728 0.959787 -4.541200 0.000000 0.000000 0.000000 1.000000
-0.969756 0.048720 -0.239166 -18.735201 -0.053021 -0.998526 0.011577 -5.666700 -0.238250 0.023908 0.970910 -4.541200 0.000000 0.000000 0.000000 1.000000
-0.975695 0.051149 -0.213081 -18.735201 -0.051350 -0.998670 -0.004594 -5.666700 -0.213033 0.006460 0.977024 -4.541200 0.000000 0.000000 0.000000 1.000000
-0.979218 0.054458 -0.195362 -18.735201 -0.050338 -0.998394 -0.025997 -5.666700 -0.196464 -0.015622 0.980387 -4.541200 0.000000 0.000000 0.000000 1.000000
-0.982084 0.054993 -0.180241 -18.735201 -0.047402 -0.997809 -0.046161 -5.666700 -0.182385 -0.036790 0.982539 -4.541200 0.000000 0.000000 0.000000 1.000000
-0.983285 0.055808 -0.173310 -18.735201 -0.045877 -0.997096 -0.060793 -5.666700 -0.176200 -0.051826 0.982989 -4.541200 0.000000 0.000000 0.000000 1.000000</float_array><technique_common><accessor source="#newVegas_RightUpLeg-Matrix-animation-output-transform-array" count="29" stride="16"><param type="float4x4"/></accessor></technique_common></source><source id="newVegas_RightUpLeg-Interpolations"><Name_array id="newVegas_RightUpLeg-Interpolations-array" count="29">
 LINEAR LINEAR LINEAR LINEAR LINEAR LINEAR LINEAR LINEAR LINEAR LINEAR LINEAR
LINEAR LINEAR LINEAR LINEAR LINEAR LINEAR LINEAR LINEAR LINEAR LINEAR LINEAR LINEAR
LINEAR LINEAR LINEAR LINEAR LINEAR LINEAR</Name_array><technique_common><accessor source="#newVegas_RightUpLeg-Interpolations-array" count="29"><param type="name"/></accessor></technique_common></source><sampler id="newVegas_RightUpLeg-Matrix-animation-transform"><input semantic="INPUT" source="#newVegas_RightUpLeg-Matrix-animation-input"/><input semantic="OUTPUT" source="#newVegas_RightUpLeg-Matrix-animation-output-transform"/><input semantic="INTERPOLATION" source="#newVegas_RightUpLeg-Interpolations"/></sampler><channel source="#newVegas_RightUpLeg-Matrix-animation-transform" target="newVegas_RightUpLeg/matrix"/></animation>
    <animation id="newVegas_RightLeg-anim" name="newVegas_RightLeg"><source id="newVegas_RightLeg-Matrix-animation-input"><float_array id="newVegas_RightLeg-Matrix-animation-input-array" count="29">

0.000000 0.033333 0.066667 0.100000 0.133333 0.166667 0.200000 0.233333 0.266667 0.300000 0.333333 0.366667 0.400000 0.433333 0.466667 0.500000
0.533333 0.566667 0.600000 0.633333 0.666667 0.700000 0.733333 0.766667 0.800000 0.833333 0.866667 0.900000 0.933333</float_array><technique_common><accessor source="#newVegas_RightLeg-Matrix-animation-input-array" count="29"><param name="TIME" type="float"/></accessor></technique_common></source><source id="newVegas_RightLeg-Matrix-animation-output-transform"><float_array id="newVegas_RightLeg-Matrix-animation-output-transform-array" count="464">

0.984738 0.041925 0.168917 0.255500 -0.080463 0.970271 0.228256 31.940800 -0.154325 -0.238363 0.958836 0.083000 0.000000 0.000000 0.000000 1.000000
0.990293 0.044055 0.131831 0.255500 -0.082127 0.950635 0.299245 31.940800 -0.112140 -0.307167 0.945025 0.083000 0.000000 0.000000 0.000000 1.000000
0.986123 -0.022126 0.164533 0.255500 -0.050364 0.904499 0.423492 31.940800 -0.158190 -0.425902 0.890833 0.083000 0.000000 0.000000 0.000000 1.000000
0.985496 -0.051787 0.161606 0.255500 -0.041849 0.848725 0.527176 31.940800 -0.164460 -0.526292 0.834248 0.083000 0.000000 0.000000 0.000000 1.000000
0.983829 -0.077091 0.161673 0.255500 -0.025314 0.833727 0.551596 31.940800 -0.177314 -0.546769 0.818293 0.083000 0.000000 0.000000 0.000000 1.000000
0.980502 -0.115345 0.159094 0.255500 0.007840 0.831922 0.554836 31.940800 -0.196351 -0.542771 0.816606 0.083000 0.000000 0.000000 0.000000 1.000000
0.977565 -0.162907 0.133522 0.255500 0.062710 0.830254 0.553846 31.940800 -0.201083 -0.533047 0.821843 0.083000 0.000000 0.000000 0.000000 1.000000
0.971685 -0.178853 0.154402 0.255500 0.064044 0.828371 0.556507 31.940800 -0.227435 -0.530861 0.816370 0.083000 0.000000 0.000000 0.000000 1.000000
0.972921 -0.172463 0.153887 0.255500 0.054158 0.817341 0.573603 31.940800 -0.224703 -0.549736 0.804549 0.083000 0.000000 0.000000 0.000000 1.000000
