<?xml version="1.0" encoding="utf-8"?>
<COLLADA xmlns="http://www.collada.org/2005/11/COLLADASchema" version="1.4.1">
  <asset><contributor><author>Mixamo</author><authoring_tool>COLLADA Mixamo exporter</authoring_tool><comments></comments></contributor><created>2017-03-27T20:55:40Z</created><modified>2017-03-27T20:55:40Z</modified><revision></revision><title></title><unit meter="0.010000"/><up_axis>Y_UP</up_axis></asset>
  <library_animations>
    <animation id="newVegas_Hips-anim" name="newVegas_Hips"><source id="newVegas_Hips-Matrix-animation-input"><float_array id="newVegas_Hips-Matrix-animation-input-array" count="32">

0.000000 0.033333 0.066667 0.100000 0.133333 0.166667 0.200000 0.233333 0.266667 0.300000 0.333333 0.366667 0.400000 0.433333 0.466667 0.500000
0.533333 0.566667 0.600000 0.633333 0.666667 0.700000 0.733333 0.766667 0.800000 0.833333 0.866667 0.900000 0.933333 0.966667 1.000000 1.033333</float_array><technique_common><accessor source="#newVegas_Hips-Matrix-animation-input-array" count="32"><param name="TIME" type="float"/></accessor></technique_common></source><source id="newVegas_Hips-Matrix-animation-output-transform"><float_array id="newVegas_Hips-Matrix-animation-output-transform-array" count="512">

0.999453 -0.001626 0.033046 0.400981 0.002745 0.999424 -0.033840 94.043449 -0.032972 0.033912 0.998881 4.600937 0.000000 0.000000 0.000000 1.000000
0.999675 -0.007119 0.024486 0.425485 0.008198 0.998987 -0.044246 94.870758 -0.024146 0.044433 0.998721 9.633711 0.000000 0.000000 0.000000 1.000000
0.999892 -0.003783 0.014170 0.512306 0.004564 0.998448 -0.055512 94.826637 -0.013938 0.055570 0.998357 14.589993 0.000000 0.000000 0.000000 1.000000
0.999814 0.018337 -0.005974 0.667603 -0.018679 0.997817 -0.063338 93.747208 0.004799 0.063438 0.997974 19.604500 0.000000 0.000000 0.000000 1.000000
0.998637 0.040660 -0.032721 0.799224 -0.042755 0.996897 -0.066090 92.010971 0.029933 0.067398 0.997277 24.827345 0.000000 0.000000 0.000000 1.000000
0.997391 0.049469 -0.052566 0.984395 -0.053042 0.996211 -0.068917 90.082146 0.048958 0.071526 0.996237 30.142019 0.000000 0.000000 0.000000 1.000000
0.996843 0.047821 -0.063375 1.245345 -0.052188 0.996241 -0.069135 88.658997 0.059831 0.072224 0.995592 35.361568 0.000000 0.000000 0.000000 1.000000
0.997574 0.036621 -0.059210 1.668169 -0.039761 0.997816 -0.052744 87.821289 0.057150 0.054970 0.996851 41.301479 0.000000 0.000000 0.000000 1.000000
0.998295 0.031187 -0.049331 2.325087 -0.033170 0.998653 -0.039909 87.291885 0.048020 0.041477 0.997985 48.043823 0.000000 0.000000 0.000000 1.000000
0.998839 0.027275 -0.039714 3.003045 -0.028409 0.999196 -0.028287 86.427963 0.038911 0.029383 0.998811 54.588432 0.000000 0.000000 0.000000 1.000000
0.999505 0.013066 -0.028618 3.251930 -0.013584 0.999746 -0.017983 85.644508 0.028376 0.018362 0.999429 59.431454 0.000000 0.000000 0.000000 1.000000
0.999846 -0.002122 -0.017418 3.353368 0.001966 0.999958 -0.008987 84.934570 0.017437 0.008951 0.999808 64.087692 0.000000 0.000000 0.000000 1.000000
0.999963 -0.007829 -0.003465 3.842787 0.007825 0.999969 -0.001314 85.970032 0.003475 0.001287 0.999993 69.565948 0.000000 0.000000 0.000000 1.000000
0.999890 -0.009473 0.011382 4.242616 0.009416 0.999943 0.005042 87.877739 -0.011429 -0.004934 0.999923 75.208778 0.000000 0.000000 0.000000 1.000000
0.999607 -0.010165 0.026137 4.345213 0.009905 0.999900 0.010073 89.855667 -0.026237 -0.009810 0.999608 80.697868 0.000000 0.000000 0.000000 1.000000
0.999144 -0.008050 0.040571 4.335537 0.007497 0.999877 0.013787 91.817421 -0.040677 -0.013471 0.999082 86.227966 0.000000 0.000000 0.000000 1.000000
0.998517 -0.005527 0.054153 4.302341 0.004786 0.999893 0.013805 93.473427 -0.054224 -0.013526 0.998437 91.642586 0.000000 0.000000 0.000000 1.000000
0.997787 -0.005699 0.066245 4.216705 0.005085 0.999943 0.009432 94.269592 -0.066295 -0.009074 0.997759 96.872673 0.000000 0.000000 0.000000 1.000000
0.996961 -0.010045 0.077255 4.003726 0.010106 0.999949 -0.000393 93.988472 -0.077247 0.001173 0.997011 102.131203 0.000000 0.000000 0.000000 1.000000
0.995164 -0.027680 0.094248 3.696492 0.029037 0.999493 -0.013058 93.134735 -0.093839 0.015731 0.995463 107.557541 0.000000 0.000000 0.000000 1.000000
0.992576 -0.042866 0.113820 3.409884 0.046195 0.998574 -0.026771 91.724106 -0.112510 0.031831 0.993141 112.990776 0.000000 0.000000 0.000000 1.000000
0.990735 -0.051265 0.125763 3.092070 0.057004 0.997471 -0.042463 90.239738 -0.123268 0.049238 0.991151 118.253601 0.000000 0.000000 0.000000 1.000000
0.990822 -0.047577 0.126523 2.611044 0.053661 0.997540 -0.045113 89.005074 -0.124065 0.051488 0.990937 123.757408 0.000000 0.000000 0.000000 1.000000
0.992870 -0.030367 0.115272 1.958560 0.034130 0.998942 -0.030807 88.294685 -0.114214 0.034522 0.992856 129.985062 0.000000 0.000000 0.000000 1.000000
0.994461 -0.019748 0.103232 1.200292 0.022585 0.999397 -0.026386 87.703659 -0.102649 0.028571 0.994307 136.437729 0.000000 0.000000 0.000000 1.000000
0.995670 -0.010073 0.092408 0.649607 0.012460 0.999603 -0.025283 86.911247 -0.092117 0.026325 0.995400 141.868591 0.000000 0.000000 0.000000 1.000000
0.996527 0.004665 0.083143 0.377105 -0.002445 0.999638 -0.026784 86.019081 -0.083238 0.026487 0.996178 146.297577 0.000000 0.000000 0.000000 1.000000
0.997291 0.011864 0.072596 0.080587 -0.009721 0.999509 -0.029799 86.458839 -0.072914 0.029012 0.996916 150.905350 0.000000 0.000000 0.000000 1.000000
0.998070 0.009479 0.061367 -0.187254 -0.007452 0.999422 -0.033178 88.304619 -0.061646 0.032657 0.997564 156.033722 0.000000 0.000000 0.000000 1.000000
0.998679 0.006381 0.050991 -0.079699 -0.004559 0.999350 -0.035773 90.281319 -0.051187 0.035493 0.998058 161.169540 0.000000 0.000000 0.000000 1.000000
0.999136 0.001996 0.041508 0.157977 -0.000484 0.999337 -0.036397 92.314400 -0.041553 0.036346 0.998475 166.133240 0.000000 0.000000 0.000000 1.000000
0.999453 -0.001626 0.033046 0.400979 0.002745 0.999424 -0.033840 94.043442 -0.032972 0.033912 0.998881 170.830475 0.000000 0.000000 0.000000 1.000000</float_array><technique_common><accessor source="#newVegas_Hips-Matrix-animation-output-transform-array" count="32" stride="16"><param type="float4x4"/></accessor></technique_common></source><source id="newVegas_Hips-Interpolations"><Name_array id="newVegas_Hips-Interpolations-array" count="32">
 LINEAR LINEAR LINEAR LINEAR LINEAR LINEAR LINEAR LINEAR LINEAR LINEAR LINEAR
LINEAR LINEAR LINEAR LINEAR LINEAR LINEAR LINEAR LINEAR LINEAR LINEAR LINEAR LINEAR
LINEAR LINEAR LINEAR LINEAR LINEAR LINEAR LINEAR LINEAR LINEAR</Name_array><technique_common><accessor source="#newVegas_Hips-Interpolations-array" count="32"><param type="name"/></accessor></technique_common></source><sampler id="newVegas_Hips-Matrix-animation-transform"><input semantic="INPUT" source="#newVegas_Hips-Matrix-animation-input"/><input semantic="OUTPUT" source="#newVegas_Hips-Matrix-animation-output-transform"/><input semantic="INTERPOLATION" source="#newVegas_Hips-Interpolations"/></sampler><channel source="#newVegas_Hips-Matrix-animation-transform" target="newVegas_Hips/matrix"/></animation>
    <animation id="newVegas_Pelvis-anim" name="newVegas_Pelvis"><source id="newVegas_Pelvis-Matrix-animation-input"><float_array id="newVegas_Pelvis-Matrix-animation-input-array" count="32">

0.000000 0.033333 0.066667 0.100000 0.133333 0.166667 0.200000 0.233333 0.266667 0.300000 0.333333 0.366667 0.400000 0.433333 0.466667 0.500000
0.533333 0.566667 0.600000 0.633333 0.666667 0.700000 0.733333 0.766667 0.800000 0.833333 0.866667 0.900000 0.933333 0.966667 1.000000 1.033333</float_array><technique_common><accessor source="#newVegas_Pelvis-Matrix-animation-input-array" count="32"><param name="TIME" type="float"/></accessor></technique_common></source><source id="newVegas_Pelvis-Matrix-animation-output-transform"><float_array id="newVegas_Pelvis-Matrix-animation-output-transform-array" count="512">

1.000000 0.000000 0.000000 0.000000 0.000000 1.000000 0.000000 0.000000 0.000000 0.000000 1.000000 0.000000 0.000000 0.000000 0.000000 1.000000
1.000000 -0.000000 0.000000 0.000000 0.000000 1.000000 0.000000 0.000000 0.000000 -0.000000 1.000000 0.000000 0.000000 0.000000 0.000000 1.000000
1.000000 -0.000000 0.000000 0.000000 0.000000 1.000000 0.000000 0.000000 0.000000 0.000000 1.000000 0.000000 0.000000 0.000000 0.000000 1.000000
1.000000 0.000000 0.000000 0.000000 -0.000000 1.000000 0.000000 0.000000 -0.000000 0.000000 1.000000 0.000000 0.000000 0.000000 0.000000 1.000000
1.000000 0.000000 -0.000000 0.000000 -0.000000 1.000000 -0.000000 0.000000 0.000000 0.000000 1.000000 0.000000 0.000000 0.000000 0.000000 1.000000
1.000000 -0.000000 0.000000 0.000000 -0.000000 1.000000 0.000000 0.000000 0.000000 0.000000 1.000000 0.000000 0.000000 0.000000 0.000000 1.000000
1.000000 -0.000000 -0.000000 0.000000 -0.000000 1.000000 0.000000 0.000000 0.000000 0.000000 1.000000 0.000000 0.000000 0.000000 0.000000 1.000000
1.000000 -0.000000 0.000000 0.000000 -0.000000 1.000000 0.000000 0.000000 0.000000 0.000000 1.000000 0.000000 0.000000 0.000000 0.000000 1.000000
1.000000 -0.000000 0.000000 0.000000 -0.000000 1.000000 0.000000 0.000000 -0.000000 0.000000 1.000000 0.000000 0.000000 0.000000 0.000000 1.000000
1.000000 0.000000 0.000000 0.000000 0.000000 1.000000 -0.000000 0.000000 0.000000 0.000000 1.000000 0.000000 0.000000 0.000000 0.000000 1.000000
1.000000 -0.000000 0.000000 0.000000 -0.000000 1.000000 0.000000 0.000000 -0.000000 -0.000000 1.000000 0.000000 0.000000 0.000000 0.000000 1.000000
1.000000 -0.000000 -0.000000 0.000000 -0.000000 1.000000 0.000000 0.000000 -0.000000 0.000000 1.000000 0.000000 0.000000 0.000000 0.000000 1.000000
1.000000 0.000000 -0.000000 0.000000 0.000000 1.000000 -0.000000 0.000000 0.000000 -0.000000 1.000000 0.000000 0.000000 0.000000 0.000000 1.000000
1.000000 0.000000 0.000000 0.000000 0.000000 1.000000 0.000000 0.000000 0.000000 0.000000 1.000000 0.000000 0.000000 0.000000 0.000000 1.000000
1.000000 0.000000 -0.000000 0.000000 0.000000 1.000000 0.000000 0.000000 -0.000000 0.000000 1.000000 0.000000 0.000000 0.000000 0.000000 1.000000
1.000000 0.000000 -0.000000 0.000000 -0.000000 1.000000 0.000000 0.000000 -0.000000 0.000000 1.000000 0.000000 0.000000 0.000000 0.000000 1.000000
1.000000 0.000000 -0.000000 0.000000 -0.000000 1.000000 0.000000 0.000000 0.000000 -0.000000 1.000000 0.000000 0.000000 0.000000 0.000000 1.000000
1.000000 -0.000000 -0.000000 0.000000 -0.000000 1.000000 0.000000 0.000000 -0.000000 0.000000 1.000000 0.000000 0.000000 0.000000 0.000000 1.000000
1.000000 0.000000 0.000000 0.000000 -0.000000 1.000000 0.000000 0.000000 0.000000 -0.000000 1.000000 0.000000 0.000000 0.000000 0.000000 1.000000
1.000000 -0.000000 0.000000 0.000000 0.000000 1.000000 -0.000000 0.000000 -0.000000 0.000000 1.000000 0.000000 0.000000 0.000000 0.000000 1.000000
1.000000 0.000000 -0.000000 0.000000 -0.000000 1.000000 -0.000000 0.000000 -0.000000 -0.000000 1.000000 0.000000 0.000000 0.000000 0.000000 1.000000
1.000000 -0.000000 -0.000000 0.000000 0.000000 1.000000 -0.000000 0.000000 -0.000000 0.000000 1.000000 0.000000 0.000000 0.000000 0.000000 1.000000
1.000000 -0.000000 0.000000 0.000000 0.000000 1.000000 0.000000 0.000000 -0.000000 0.000000 1.000000 0.000000 0.000000 0.000000 0.000000 1.000000
1.000000 0.000000 0.000000 0.000000 0.000000 1.000000 -0.000000 0.000000 -0.000000 0.000000 1.000000 0.000000 0.000000 0.000000 0.000000 1.000000
1.000000 -0.000000 0.000000 0.000000 -0.000000 1.000000 0.000000 0.000000 -0.000000 -0.000000 1.000000 0.000000 0.000000 0.000000 0.000000 1.000000
1.000000 0.000000 0.000000 0.000000 0.000000 1.000000 0.000000 0.000000 0.000000 0.000000 1.000000 0.000000 0.000000 0.000000 0.000000 1.000000
1.000000 0.000000 -0.000000 0.000000 -0.000000 1.000000 0.000000 0.000000 0.000000 0.000000 1.000000 0.000000 0.000000 0.000000 0.000000 1.000000
1.000000 -0.000000 0.000000 0.000000 0.000000 1.000000 0.000000 0.000000 0.000000 0.000000 1.000000 0.000000 0.000000 0.000000 0.000000 1.000000
1.000000 -0.000000 0.000000 0.000000 -0.000000 1.000000 0.000000 0.000000 0.000000 0.000000 1.000000 0.000000 0.000000 0.000000 0.000000 1.000000
1.000000 0.000000 0.000000 0.000000 0.000000 1.000000 -0.000000 0.000000 0.000000 -0.000000 1.000000 0.000000 0.000000 0.000000 0.000000 1.000000
1.000000 0.000000 0.000000 0.000000 -0.000000 1.000000 0.000000 0.000000 0.000000 0.000000 1.000000 0.000000 0.000000 0.000000 0.000000 1.000000
1.000000 -0.000000 0.000000 0.000000 0.000000 1.000000 -0.000000 0.000000 -0.000000 -0.000000 1.000000 0.000000 0.000000 0.000000 0.000000 1.000000</float_array><technique_common><accessor source="#newVegas_Pelvis-Matrix-animation-output-transform-array" count="32" stride="16"><param type="float4x4"/></accessor></technique_common></source><source id="newVegas_Pelvis-Interpolations"><Name_array id="newVegas_Pelvis-Interpolations-array" count="32">
 LINEAR LINEAR LINEAR LINEAR LINEAR LINEAR LINEAR LINEAR LINEAR LINEAR LINEAR
LINEAR LINEAR LINEAR LINEAR LINEAR LINEAR LINEAR LINEAR LINEAR LINEAR LINEAR LINEAR
LINEAR LINEAR LINEAR LINEAR LINEAR LINEAR LINEAR LINEAR LINEAR</Name_array><technique_common><accessor source="#newVegas_Pelvis-Interpolations-array" count="32"><param type="name"/></accessor></technique_common></source><sampler id="newVegas_Pelvis-Matrix-animation-transform"><input semantic="INPUT" source="#newVegas_Pelvis-Matrix-animation-input"/><input semantic="OUTPUT" source="#newVegas_Pelvis-Matrix-animation-output-transform"/><input semantic="INTERPOLATION" source="#newVegas_Pelvis-Interpolations"/></sampler><channel source="#newVegas_Pelvis-Matrix-animation-transform" target="newVegas_Pelvis/matrix"/></animation>
    <animation id="newVegas_LeftUpLeg-anim" name="newVegas_LeftUpLeg"><source id="newVegas_LeftUpLeg-Matrix-animation-input"><float_array id="newVegas_LeftUpLeg-Matrix-animation-input-array" count="32">

0.000000 0.033333 0.066667 0.100000 0.133333 0.166667 0.200000 0.233333 0.266667 0.300000 0.333333 0.366667 0.400000 0.433333 0.466667 0.500000
0.533333 0.566667 0.600000 0.633333 0.666667 0.700000 0.733333 0.766667 0.800000 0.833333 0.866667 0.900000 0.933333 0.966667 1.000000 1.033333</float_array><technique_common><accessor source="#newVegas_LeftUpLeg-Matrix-animation-input-array" count="32"><param name="TIME" type="float"/></accessor></technique_common></source><source id="newVegas_LeftUpLeg-Matrix-animation-output-transform"><float_array id="newVegas_LeftUpLeg-Matrix-animation-output-transform-array" count="512">

-0.984948 0.100459 0.140660 18.735201 0.005600 -0.794795 0.606853 -5.666700 0.172760 0.598506 0.782269 -4.541200 0.000000 0.000000 0.000000 1.000000
-0.985821 0.088137 0.142786 18.735201 0.016435 -0.796134 0.604897 -5.666700 0.166991 0.598667 0.783398 -4.541200 0.000000 0.000000 0.000000 1.000000
-0.987981 0.071029 0.137292 18.735201 0.020758 -0.819165 0.573182 -5.666700 0.153177 0.569143 0.807845 -4.541200 0.000000 0.000000 0.000000 1.000000
-0.990765 0.084074 0.106375 18.735201 0.000895 -0.780472 0.625190 -5.666700 0.135585 0.619512 0.773189 -4.541200 0.000000 0.000000 0.000000 1.000000
-0.994232 0.086200 0.063814 18.735201 -0.018250 -0.722295 0.691344 -5.666700 0.105687 0.686192 0.719702 -4.541200 0.000000 0.000000 0.000000 1.000000
-0.996115 0.077368 0.042066 18.735201 -0.021513 -0.676978 0.735689 -5.666700 0.085396 0.731926 0.676012 -4.541200 0.000000 0.000000 0.000000 1.000000
-0.994374 0.089036 0.057381 18.735201 -0.016114 -0.662565 0.748831 -5.666700 0.104691 0.743693 0.660273 -4.541200 0.000000 0.000000 0.000000 1.000000
-0.994491 0.072170 0.076018 18.735201 0.006626 -0.680494 0.732724 -5.666700 0.104610 0.729191 0.676267 -4.541200 0.000000 0.000000 0.000000 1.000000
-0.996034 0.027225 0.084711 18.735201 0.040080 -0.712705 0.700318 -5.666700 0.079440 0.700935 0.708787 -4.541200 0.000000 0.000000 0.000000 1.000000
-0.995862 0.019583 0.088744 18.735201 0.049390 -0.703084 0.709389 -5.666700 0.076286 0.710837 0.699208 -4.541200 0.000000 0.000000 0.000000 1.000000
-0.995100 0.025324 0.095578 18.735201 0.056863 -0.644223 0.762721 -5.666700 0.080889 0.764418 0.639626 -4.541200 0.000000 0.000000 0.000000 1.000000
-0.994377 0.023931 0.103154 18.735201 0.065082 -0.630317 0.773605 -5.666700 0.083533 0.775969 0.625215 -4.541200 0.000000 0.000000 0.000000 1.000000
-0.993634 0.008027 0.112368 18.735201 0.076608 -0.683173 0.726227 -5.666700 0.082597 0.730212 0.678209 -4.541200 0.000000 0.000000 0.000000 1.000000
-0.993259 -0.015778 0.114838 18.735201 0.086035 -0.764270 0.639131 -5.666700 0.077683 0.644703 0.760476 -4.541200 0.000000 0.000000 0.000000 1.000000
-0.993132 -0.039755 0.110041 18.735201 0.092425 -0.843259 0.529501 -5.666700 0.071743 0.536035 0.841142 -4.541200 0.000000 0.000000 0.000000 1.000000
-0.992260 -0.053995 0.111825 18.735201 0.094241 -0.913849 0.394968 -5.666700 0.080865 0.402449 0.911864 -4.541200 0.000000 0.000000 0.000000 1.000000
-0.990661 -0.064000 0.120393 18.735201 0.091942 -0.965598 0.243242 -5.666700 0.100684 0.252039 0.962465 -4.541200 0.000000 0.000000 0.000000 1.000000
-0.989400 -0.074124 0.124869 18.735201 0.086861 -0.991204 0.099849 -5.666700 0.116370 0.109637 0.987136 -4.541200 0.000000 0.000000 0.000000 1.000000
-0.987898 -0.073250 0.136718 18.735201 0.072553 -0.997314 -0.010082 -5.666700 0.137089 -0.000040 0.990559 -4.541200 0.000000 0.000000 0.000000 1.000000
-0.983732 -0.074094 0.163652 18.735201 0.054503 -0.991141 -0.121117 -5.666700 0.171176 -0.110227 0.979055 -4.541200 0.000000 0.000000 0.000000 1.000000
-0.980084 -0.070307 0.185722 18.735201 0.032380 -0.979291 -0.199850 -5.666700 0.195927 -0.189856 0.962064 -4.541200 0.000000 0.000000 0.000000 1.000000
-0.977499 -0.073457 0.197737 18.735201 0.010245 -0.952833 -0.303321 -5.666700 0.210691 -0.294470 0.932146 -4.541200 0.000000 0.000000 0.000000 1.000000
-0.973214 -0.070231 0.218910 18.735201 -0.018785 -0.924722 -0.380180 -5.666700 0.229131 -0.374109 0.898633 -4.541200 0.000000 0.000000 0.000000 1.000000
-0.965761 -0.050859 0.254399 18.735201 -0.061329 -0.908047 -0.414354 -5.666700 0.252080 -0.415769 0.873838 -4.541200 0.000000 0.000000 0.000000 1.000000
-0.956729 -0.018997 0.290360 18.735201 -0.082362 -0.939379 -0.332840 -5.666700 0.279082 -0.342353 0.897167 -4.541200 0.000000 0.000000 0.000000 1.000000
-0.951167 0.040202 0.306048 18.735201 -0.087043 -0.986179 -0.140980 -5.666700 0.296150 -0.160735 0.941520 -4.541200 0.000000 0.000000 0.000000 1.000000
-0.961079 0.106163 0.255063 18.735201 -0.094234 -0.993825 0.058579 -5.666700 0.259707 0.032263 0.965148 -4.541200 0.000000 0.000000 0.000000 1.000000
-0.975040 0.124350 0.183939 18.735201 -0.077410 -0.966858 0.243295 -5.666700 0.208097 0.222984 0.952352 -4.541200 0.000000 0.000000 0.000000 1.000000
-0.981432 0.118517 0.150812 18.735201 -0.049099 -0.915297 0.399775 -5.666700 0.185418 0.384947 0.904121 -4.541200 0.000000 0.000000 0.000000 1.000000
-0.982061 0.120553 0.144996 18.735201 -0.029951 -0.858908 0.511253 -5.666700 0.186171 0.497739 0.847111 -4.541200 0.000000 0.000000 0.000000 1.000000
-0.982428 0.114397 0.147475 18.735201 -0.007597 -0.813999 0.580817 -5.666700 0.186488 0.569491 0.800564 -4.541200 0.000000 0.000000 0.000000 1.000000
-0.984948 0.100459 0.140660 18.735201 0.005600 -0.794794 0.606853 -5.666700 0.172760 0.598506 0.782269 -4.541200 0.000000 0.000000 0.000000 1.000000</float_array><technique_common><accessor source="#newVegas_LeftUpLeg-Matrix-animation-output-transform-array" count="32" stride="16"><param type="float4x4"/></accessor></technique_common></source><source id="newVegas_LeftUpLeg-Interpolations"><Name_array id="newVegas_LeftUpLeg-Interpolations-array" count="32">
 LINEAR LINEAR LINEAR LINEAR LINEAR LINEAR LINEAR LINEAR LINEAR LINEAR LINEAR
LINEAR LINEAR LINEAR LINEAR LINEAR LINEAR LINEAR LINEAR LINEAR LINEAR LINEAR LINEAR
LINEAR LINEAR LINEAR LINEAR LINEAR LINEAR LINEAR LINEAR LINEAR</Name_array><technique_common><accessor source="#newVegas_LeftUpLeg-Interpolations-array" count="32"><param type="name"/></accessor></technique_common></source><sampler id="newVegas_LeftUpLeg-Matrix-animation-transform"><input semantic="INPUT" source="#newVegas_LeftUpLeg-Matrix-animation-input"/><input semantic="OUTPUT" source="#newVegas_LeftUpLeg-Matrix-animation-output-transform"/><input semantic="INTERPOLATION" source="#newVegas_LeftUpLeg-Interpolations"/></sampler><channel source="#newVegas_LeftUpLeg-Matrix-animation-transform" target="newVegas_LeftUpLeg/matrix"/></animation>
    <animation id="newVegas_LeftLeg-anim" name="newVegas_LeftLeg"><source id="newVegas_LeftLeg-Matrix-animation-input"><float_array id="newVegas_LeftLeg-Matrix-animation-input-array" count="32">

0.000000 0.033333 0.066667 0.100000 0.133333 0.166667 0.200000 0.233333 0.266667 0.300000 0.333333 0.366667 0.400000 0.433333 0.466667 0.500000
0.533333 0.566667 0.600000 0.633333 0.666667 0.700000 0.733333 0.766667 0.800000 0.833333 0.866667 0.900000 0.933333 0.966667 1.000000 1.033333</float_array><technique_common><accessor source="#newVegas_LeftLeg-Matrix-animation-input-array" count="32"><param name="TIME" type="float"/></accessor></technique_common></source><source id="newVegas_LeftLeg-Matrix-animation-output-transform"><float_array id="newVegas_LeftLeg-Matrix-animation-output-transform-array" count="512">

0.996508 -0.004037 0.083405 -0.255500 -0.073669 0.427753 0.900888 31.940800 -0.039314 -0.903886 0.425962 0.083000 0.000000 0.000000 0.000000 1.000000
0.998450 0.025235 0.049606 -0.255500 -0.054504 0.623754 0.779718 31.940800 -0.011266 -0.781214 0.624162 0.083000 0.000000 0.000000 0.000000 1.000000
0.999192 0.040132 -0.002027 -0.255500 -0.032561 0.838191 0.544405 31.940800 0.023547 -0.543899 0.838820 0.083000 0.000000 0.000000 0.000000 1.000000
0.998942 0.020176 -0.041332 -0.255500 -0.000507 0.903427 0.428741 31.940800 0.045990 -0.428267 0.902481 0.083000 0.000000 0.000000 0.000000 1.000000
0.997050 -0.038755 -0.066246 -0.255500 0.062042 0.915093 0.398441 31.940800 0.045180 -0.401375 0.914799 0.083000 0.000000 0.000000 0.000000 1.000000
0.994922 -0.072031 -0.070301 -0.255500 0.094845 0.904738 0.415274 31.940800 0.033691 -0.419833 0.906976 0.083000 0.000000 0.000000 0.000000 1.000000
0.997383 -0.059173 -0.041538 -0.255500 0.071184 0.904174 0.421191 31.940800 0.012635 -0.423046 0.906020 0.083000 0.000000 0.000000 0.000000 1.000000
0.998751 -0.045624 0.020393 -0.255500 0.033841 0.917726 0.395771 31.940800 -0.036772 -0.394586 0.918123 0.083000 0.000000 0.000000 0.000000 1.000000
0.997109 -0.043903 0.062017 -0.255500 0.020982 0.943536 0.330605 31.940800 -0.073030 -0.328348 0.941729 0.083000 0.000000 0.000000 0.000000 1.000000
0.997433 -0.024770 0.067192 -0.255500 -0.004611 0.914113 0.405433 31.940800 -0.071463 -0.404702 0.911652 0.083000 0.000000 0.000000 0.000000 1.000000
0.997769 0.003883 0.066644 -0.255500 -0.046983 0.750048 0.659712 31.940800 -0.047425 -0.661372 0.748557 0.083000 0.000000 0.000000 0.000000 1.000000
0.997050 0.020254 0.074032 -0.255500 -0.070850 0.613811 0.786268 31.940800 -0.029517 -0.789194 0.613435 0.083000 0.000000 0.000000 0.000000 1.000000
0.996404 0.016975 0.083008 -0.255500 -0.078085 0.564206 0.821933 31.940800 -0.032881 -0.825459 0.563503 0.083000 0.000000 0.000000 0.000000 1.000000
0.996306 -0.000335 0.085876 -0.255500 -0.069586 0.582862 0.809586 31.940800 -0.050325 -0.812571 0.580686 0.083000 0.000000 0.000000 0.000000 1.000000
0.995956 -0.026998 0.085687 -0.255500 -0.048933 0.636869 0.769418 31.940800 -0.075344 -0.770499 0.632972 0.083000 0.000000 0.000000 0.000000 1.000000
0.993440 -0.057374 0.098917 -0.255500 -0.027929 0.717093 0.696418 31.940800 -0.110889 -0.694612 0.710787 0.083000 0.000000 0.000000 0.000000 1.000000
0.988320 -0.088636 0.123965 -0.255500 -0.000893 0.810072 0.586330 31.940800 -0.152390 -0.579592 0.800531 0.083000 0.000000 0.000000 0.000000 1.000000
0.982449 -0.113999 0.147644 -0.255500 0.031723 0.882097 0.469998 31.940800 -0.183816 -0.457065 0.870232 0.083000 0.000000 0.000000 0.000000 1.000000
0.984672 -0.120692 0.125913 -0.255500 0.061974 0.916914 0.394244 31.940800 -0.163033 -0.380397 0.910339 0.083000 0.000000 0.000000 0.000000 1.000000
0.989288 -0.112540 0.092970 -0.255500 0.079396 0.949277 0.304252 31.940800 -0.122495 -0.293612 0.948044 0.083000 0.000000 0.000000 0.000000 1.000000
0.993621 -0.104624 0.042096 -0.255500 0.089969 0.960458 0.263487 31.940800 -0.067998 -0.258019 0.963744 0.083000 0.000000 0.000000 0.000000 1.000000
0.993782 -0.110612 0.012752 -0.255500 0.107149 0.981188 0.160591 31.940800 -0.030275 -0.158227 0.986939 0.083000 0.000000 0.000000 0.000000 1.000000
0.990714 -0.135745 0.007708 -0.255500 0.133959 0.984235 0.115487 31.940800 -0.023263 -0.113382 0.993279 0.083000 0.000000 0.000000 0.000000 1.000000
0.984112 -0.174945 0.030302 -0.255500 0.167126 0.970361 0.174551 31.940800 -0.059940 -0.166713 0.984182 0.083000 0.000000 0.000000 0.000000 1.000000
0.973963 -0.209840 0.085807 -0.255500 0.158447 0.900771 0.404359 31.940800 -0.162143 -0.380235 0.910566 0.083000 0.000000 0.000000 0.000000 1.000000
0.969674 -0.190431 0.153193 -0.255500 0.058439 0.789285 0.611239 31.940800 -0.237312 -0.583750 0.776478 0.083000 0.000000 0.000000 0.000000 1.000000
0.971366 -0.174396 0.161350 -0.255500 -0.019087 0.619644 0.784651 31.940800 -0.236820 -0.765263 0.598573 0.083000 0.000000 0.000000 0.000000 1.000000
0.984827 -0.147476 0.091470 -0.255500 -0.023037 0.411322 0.911199 31.940800 -0.172004 -0.899480 0.401684 0.083000 0.000000 0.000000 0.000000 1.000000
0.992870 -0.107252 0.052016 -0.255500 -0.022592 0.259153 0.965572 31.940800 -0.117039 -0.959863 0.254882 0.083000 0.000000 0.000000 0.000000 1.000000
0.994870 -0.069769 0.073249 -0.255500 -0.055641 0.227309 0.972232 31.940800 -0.084482 -0.971320 0.222261 0.083000 0.000000 0.000000 0.000000 1.000000
0.994949 -0.035352 0.093954 -0.255500 -0.079906 0.287617 0.954406 31.940800 -0.060762 -0.957093 0.283339 0.083000 0.000000 0.000000 0.000000 1.000000
0.996508 -0.004037 0.083405 -0.255500 -0.073669 0.427754 0.900888 31.940800 -0.039314 -0.903886 0.425962 0.083000 0.000000 0.000000 0.000000 1.000000</float_array><technique_common><accessor source="#newVegas_LeftLeg-Matrix-animation-output-transform-array" count="32" stride="16"><param type="float4x4"/></accessor></technique_common></source><source id="newVegas_LeftLeg-Interpolations"><Name_array id="newVegas_LeftLeg-Interpolations-array" count="32">
 LINEAR LINEAR LINEAR LINEAR LINEAR LINEAR LINEAR LINEAR LINEAR LINEAR LINEAR
LINEAR LINEAR LINEAR LINEAR LINEAR LINEAR LINEAR LINEAR LINEAR LINEAR LINEAR LINEAR
LINEAR LINEAR LINEAR LINEAR LINEAR LINEAR LINEAR LINEAR LINEAR</Name_array><technique_common><accessor source="#newVegas_LeftLeg-Interpolations-array" count="32"><param type="name"/></accessor></technique_common></source><sampler id="newVegas_LeftLeg-Matrix-animation-transform"><input semantic="INPUT" source="#newVegas_LeftLeg-Matrix-animation-input"/><input semantic="OUTPUT" source="#newVegas_LeftLeg-Matrix-animation-output-transform"/><input semantic="INTERPOLATION" source="#newVegas_LeftLeg-Interpolations"/></sampler><channel source="#newVegas_LeftLeg-Matrix-animation-transform" target="newVegas_LeftLeg/matrix"/></animation>
    <animation id="newVegas_LeftFoot-anim" name="newVegas_LeftFoot"><source id="newVegas_LeftFoot-Matrix-animation-input"><float_array id="newVegas_LeftFoot-Matrix-animation-input-array" count="32">

0.000000 0.033333 0.066667 0.100000 0.133333 0.166667 0.200000 0.233333 0.266667 0.300000 0.333333 0.366667 0.400000 0.433333 0.466667 0.500000
0.533333 0.566667 0.600000 0.633333 0.666667 0.700000 0.733333 0.766667 0.800000 0.833333 0.866667 0.900000 0.933333 0.966667 1.000000 1.033333</float_array><technique_common><accessor source="#newVegas_LeftFoot-Matrix-animation-input-array" count="32"><param name="TIME" type="float"/></accessor></technique_common></source><source id="newVegas_LeftFoot-Matrix-animation-output-transform"><float_array id="newVegas_LeftFoot-Matrix-animation-output-transform-array" count="512">

0.999758 -0.017572 0.013206 0.002600 0.021468 0.651475 -0.758366 32.231098 0.004722 0.758466 0.651695 -0.064900 0.000000 0.000000 0.000000 1.000000
0.999920 0.001329 -0.012598 0.002600 -0.010770 0.612732 -0.790217 32.231098 0.006669 0.790290 0.612697 -0.064900 0.000000 0.000000 0.000000 1.000000
0.999535 0.013360 -0.027394 0.002600 -0.029817 0.614760 -0.788151 32.231098 0.006311 0.788601 0.614872 -0.064900 0.000000 0.000000 0.000000 1.000000
0.997844 0.032706 -0.056907 0.002600 -0.065390 0.570367 -0.818783 32.231098 0.005679 0.820739 0.571276 -0.064900 0.000000 0.000000 0.000000 1.000000
0.996852 0.033612 -0.071809 0.002600 -0.079214 0.460958 -0.883880 32.231098 0.003392 0.886785 0.462169 -0.064900 0.000000 0.000000 0.000000 1.000000
0.998686 0.004839 -0.051019 0.002600 -0.049840 0.323405 -0.944947 32.231098 0.011927 0.946248 0.323222 -0.064900 0.000000 0.000000 0.000000 1.000000
0.998923 0.008257 -0.045653 0.002600 -0.045572 0.359098 -0.932187 32.231098 0.008697 0.933263 0.359088 -0.064900 0.000000 0.000000 0.000000 1.000000
0.999958 -0.003223 -0.008635 0.002600 -0.005249 0.570929 -0.820983 32.231098 0.007576 0.820993 0.570888 -0.064900 0.000000 0.000000 0.000000 1.000000
0.997142 -0.053221 0.053631 0.002600 0.075056 0.779232 -0.622225 32.231098 -0.008676 0.624472 0.780999 -0.064900 0.000000 0.000000 0.000000 1.000000
0.995162 -0.071884 0.066969 0.002600 0.096215 0.850950 -0.516359 32.231098 -0.019869 0.520304 0.853750 -0.064900 0.000000 0.000000 0.000000 1.000000
0.991182 -0.094515 0.092870 0.002600 0.132486 0.719236 -0.682017 32.231098 -0.002335 0.688307 0.725416 -0.064900 0.000000 0.000000 0.000000 1.000000
0.988323 -0.103497 0.111829 0.002600 0.151720 0.600566 -0.785049 32.231098 0.014090 0.792848 0.609256 -0.064900 0.000000 0.000000 0.000000 1.000000
0.986243 -0.106451 0.126459 0.002600 0.162948 0.497541 -0.851998 32.231098 0.027778 0.860884 0.508043 -0.064900 0.000000 0.000000 0.000000 1.000000
0.986359 -0.101964 0.129227 0.002600 0.160368 0.418178 -0.894097 32.231098 0.037126 0.902624 0.428825 -0.064900 0.000000 0.000000 0.000000 1.000000
0.988566 -0.091989 0.119478 0.002600 0.144965 0.361727 -0.920945 32.231098 0.041498 0.927735 0.370926 -0.064900 0.000000 0.000000 0.000000 1.000000
0.990852 -0.082517 0.106786 0.002600 0.128121 0.326596 -0.936440 32.231098 0.042396 0.941555 0.334181 -0.064900 0.000000 0.000000 0.000000 1.000000
0.993150 -0.072769 0.091417 0.002600 0.109834 0.314521 -0.942875 32.231098 0.039859 0.946457 0.320359 -0.064900 0.000000 0.000000 0.000000 1.000000
0.995191 -0.061439 0.076287 0.002600 0.091532 0.306003 -0.947620 32.231098 0.034877 0.950046 0.310155 -0.064900 0.000000 0.000000 0.000000 1.000000
0.996112 -0.004185 0.088001 0.002600 0.085818 0.271988 -0.958466 32.231098 -0.019924 0.962292 0.271289 -0.064900 0.000000 0.000000 0.000000 1.000000
0.989986 0.085324 0.112464 0.002600 0.088058 0.249428 -0.964381 32.231098 -0.110337 0.964627 0.239417 -0.064900 0.000000 0.000000 0.000000 1.000000
0.973680 0.182650 0.136328 0.002600 0.096719 0.210493 -0.972799 32.231098 -0.206378 0.960381 0.187287 -0.064900 0.000000 0.000000 0.000000 1.000000
0.958722 0.252056 0.131607 0.002600 0.080820 0.202197 -0.976004 32.231098 -0.272618 0.946353 0.173480 -0.064900 0.000000 0.000000 0.000000 1.000000
0.950326 0.286899 0.120700 0.002600 0.061982 0.205582 -0.976675 32.231098 -0.305021 0.935641 0.177588 -0.064900 0.000000 0.000000 0.000000 1.000000
0.956466 0.273839 0.100923 0.002600 0.037361 0.228079 -0.972926 32.231098 -0.289443 0.934341 0.207919 -0.064900 0.000000 0.000000 0.000000 1.000000
0.980333 0.174582 0.092028 0.002600 0.036229 0.299188 -0.953506 32.231098 -0.193999 0.938087 0.286979 -0.064900 0.000000 0.000000 0.000000 1.000000
0.991167 0.064439 0.115908 0.002600 0.047819 0.641556 -0.765584 32.231098 -0.123695 0.764365 0.632808 -0.064900 0.000000 0.000000 0.000000 1.000000
0.998241 0.058683 0.008479 0.002600 -0.044243 0.832419 -0.552378 32.231098 -0.039473 0.551031 0.833551 -0.064900 0.000000 0.000000 0.000000 1.000000
0.997787 0.056034 -0.035801 0.002600 -0.066481 0.851407 -0.520276 32.231098 0.001329 0.521504 0.853248 -0.064900 0.000000 0.000000 0.000000 1.000000
0.999732 0.020198 -0.011319 0.002600 -0.022923 0.794711 -0.606555 32.231098 -0.003256 0.606652 0.794961 -0.064900 0.000000 0.000000 0.000000 1.000000
0.999953 0.008306 -0.004905 0.002600 -0.009487 0.754757 -0.655936 32.231098 -0.001746 0.655952 0.754801 -0.064900 0.000000 0.000000 0.000000 1.000000
0.999950 -0.007597 0.006542 0.002600 0.009999 0.708054 -0.706087 32.231098 0.000732 0.706117 0.708095 -0.064900 0.000000 0.000000 0.000000 1.000000
0.999758 -0.017571 0.013206 0.002600 0.021467 0.651476 -0.758366 32.231098 0.004722 0.758466 0.651695 -0.064900 0.000000 0.000000 0.000000 1.000000</float_array><technique_common><accessor source="#newVegas_LeftFoot-Matrix-animation-output-transform-array" count="32" stride="16"><param type="float4x4"/></accessor></technique_common></source><source id="newVegas_LeftFoot-Interpolations"><Name_array id="newVegas_LeftFoot-Interpolations-array" count="32">
 LINEAR LINEAR LINEAR LINEAR LINEAR LINEAR LINEAR LINEAR LINEAR LINEAR LINEAR
LINEAR LINEAR LINEAR LINEAR LINEAR LINEAR LINEAR LINEAR LINEAR LINEAR LINEAR LINEAR
LINEAR LINEAR LINEAR LINEAR LINEAR LINEAR LINEAR LINEAR LINEAR</Name_array><technique_common><accessor source="#newVegas_LeftFoot-Interpolations-array" count="32"><param type="name"/></accessor></technique_common></source><sampler id="newVegas_LeftFoot-Matrix-animation-transform"><input semantic="INPUT" source="#newVegas_LeftFoot-Matrix-animation-input"/><input semantic="OUTPUT" source="#newVegas_LeftFoot-Matrix-animation-output-transform"/><input semantic="INTERPOLATION" source="#newVegas_LeftFoot-Interpolations"/></sampler><channel source="#newVegas_LeftFoot-Matrix-animation-transform" target="newVegas_LeftFoot/matrix"/></animation>
    <animation id="newVegas_RightUpLeg-anim" name="newVegas_RightUpLeg"><source id="newVegas_RightUpLeg-Matrix-animation-input"><float_array id="newVegas_RightUpLeg-Matrix-animation-input-array" count="32">

0.000000 0.033333 0.066667 0.100000 0.133333 0.166667 0.200000 0.233333 0.266667 0.300000 0.333333 0.366667 0.400000 0.433333 0.466667 0.500000
0.533333 0.566667 0.600000 0.633333 0.666667 0.700000 0.733333 0.766667 0.800000 0.833333 0.866667 0.900000 0.933333 0.966667 1.000000 1.033333</float_array><technique_common><accessor source="#newVegas_RightUpLeg-Matrix-animation-input-array" count="32"><param name="TIME" type="float"/></accessor></technique_common></source><source id="newVegas_RightUpLeg-Matrix-animation-output-transform"><float_array id="newVegas_RightUpLeg-Matrix-animation-output-transform-array" count="512">

-0.991196 0.034010 -0.127964 -18.735201 -0.070065 -0.954774 0.288959 -5.666700 -0.112349 0.295381 0.948751 -4.541200 0.000000 0.000000 0.000000 1.000000
-0.989553 0.038102 -0.139041 -18.735201 -0.060154 -0.985600 0.158029 -5.666700 -0.131018 0.164742 0.977596 -4.541200 0.000000 0.000000 0.000000 1.000000
-0.985023 0.044994 -0.166449 -18.735201 -0.052820 -0.997682 0.042894 -5.666700 -0.164134 0.051043 0.985117 -4.541200 0.000000 0.000000 0.000000 1.000000
-0.979354 0.051015 -0.195609 -18.735201 -0.046897 -0.998571 -0.025628 -5.666700 -0.196637 -0.015926 0.980347 -4.541200 0.000000 0.000000 0.000000 1.000000
-0.975877 0.051901 -0.212061 -18.735201 -0.033542 -0.995442 -0.089275 -5.666700 -0.215728 -0.080009 0.973170 -4.541200 0.000000 0.000000 0.000000 1.000000
-0.974558 0.044636 -0.219648 -18.735201 -0.008052 -0.986309 -0.164709 -5.666700 -0.223993 -0.158750 0.961575 -4.541200 0.000000 0.000000 0.000000 1.000000
-0.973419 0.032126 -0.226768 -18.735201 0.023092 -0.971302 -0.236728 -5.666700 -0.227865 -0.235672 0.944741 -4.541200 0.000000 0.000000 0.000000 1.000000
-0.969322 0.020176 -0.244966 -18.735201 0.060961 -0.945754 -0.319114 -5.666700 -0.238116 -0.324257 0.915510 -4.541200 0.000000 0.000000 0.000000 1.000000
-0.962335 0.015182 -0.271442 -18.735201 0.092535 -0.920533 -0.379547 -5.666700 -0.255634 -0.390369 0.884456 -4.541200 0.000000 0.000000 0.000000 1.000000
-0.960370 -0.024039 -0.277688 -18.735201 0.111382 -0.946369 -0.303281 -5.666700 -0.255505 -0.322192 0.911543 -4.541200 0.000000 0.000000 0.000000 1.000000
-0.965080 -0.102425 -0.241101 -18.735201 0.137293 -0.981623 -0.132541 -5.666700 -0.223094 -0.161014 0.961407 -4.541200 0.000000 0.000000 0.000000 1.000000
-0.970431 -0.158975 -0.181633 -18.735201 0.150780 -0.986855 0.058160 -5.666700 -0.188492 0.029053 0.981645 -4.541200 0.000000 0.000000 0.000000 1.000000
-0.976002 -0.172951 -0.132318 -18.735201 0.138448 -0.961842 0.235991 -5.666700 -0.168084 0.212009 0.962705 -4.541200 0.000000 0.000000 0.000000 1.000000
-0.978307 -0.175080 -0.110731 -18.735201 0.120324 -0.915358 0.384241 -5.666700 -0.168632 0.362582 0.916568 -4.541200 0.000000 0.000000 0.000000 1.000000
-0.977073 -0.185119 -0.105163 -18.735201 0.107873 -0.856295 0.505097 -5.666700 -0.183554 0.482173 0.856632 -4.541200 0.000000 0.000000 0.000000 1.000000
-0.977874 -0.182149 -0.102881 -18.735201 0.084833 -0.794819 0.600887 -5.666700 -0.191223 0.578864 0.792685 -4.541200 0.000000 0.000000 0.000000 1.000000
-0.978492 -0.181446 -0.098133 -18.735201 0.070518 -0.741282 0.667480 -5.666700 -0.193856 0.646203 0.738133 -4.541200 0.000000 0.000000 0.000000 1.000000
-0.978837 -0.181220 -0.095070 -18.735201 0.058612 -0.693360 0.718204 -5.666700 -0.196070 0.697432 0.689308 -4.541200 0.000000 0.000000 0.000000 1.000000
-0.982879 -0.162738 -0.086407 -18.735201 0.040995 -0.650341 0.758535 -5.666700 -0.179636 0.742006 0.645878 -4.541200 0.000000 0.000000 0.000000 1.000000
-0.988646 -0.135396 -0.065169 -18.735201 0.038200 -0.645916 0.762452 -5.666700 -0.145327 0.751306 0.643755 -4.541200 0.000000 0.000000 0.000000 1.000000
-0.990570 -0.120095 -0.065940 -18.735201 0.034482 -0.684330 0.728357 -5.666700 -0.132597 0.719215 0.682018 -4.541200 0.000000 0.000000 0.000000 1.000000
-0.987757 -0.133397 -0.080872 -18.735201 0.043594 -0.733809 0.677956 -5.666700 -0.149782 0.666130 0.730640 -4.541200 0.000000 0.000000 0.000000 1.000000
-0.990935 -0.104077 -0.084949 -18.735201 0.014602 -0.712015 0.702012 -5.666700 -0.133548 0.694408 0.707080 -4.541200 0.000000 0.000000 0.000000 1.000000
-0.994015 -0.069671 -0.084149 -18.735201 -0.011747 -0.697624 0.716368 -5.666700 -0.108614 0.713069 0.692630 -4.541200 0.000000 0.000000 0.000000 1.000000
-0.993572 -0.068765 -0.089923 -18.735201 -0.018972 -0.681970 0.731134 -5.666700 -0.111601 0.728140 0.676282 -4.541200 0.000000 0.000000 0.000000 1.000000
-0.992589 -0.069783 -0.099481 -18.735201 -0.027989 -0.665360 0.745998 -5.666700 -0.118249 0.743254 0.658476 -4.541200 0.000000 0.000000 0.000000 1.000000
-0.990762 -0.068918 -0.116792 -18.735201 -0.044151 -0.650378 0.758327 -5.666700 -0.128221 0.756478 0.641327 -4.541200 0.000000 0.000000 0.000000 1.000000
-0.989983 -0.058601 -0.128453 -18.735201 -0.054535 -0.680478 0.730736 -5.666700 -0.130231 0.730421 0.670466 -4.541200 0.000000 0.000000 0.000000 1.000000
-0.990825 -0.036493 -0.130128 -18.735201 -0.058553 -0.751880 0.656694 -5.666700 -0.121806 0.658289 0.742845 -4.541200 0.000000 0.000000 0.000000 1.000000
-0.992181 -0.007239 -0.124597 -18.735201 -0.064173 -0.826650 0.559045 -5.666700 -0.107045 0.562670 0.819722 -4.541200 0.000000 0.000000 0.000000 1.000000
-0.992342 0.018236 -0.122170 -18.735201 -0.069980 -0.898007 0.434381 -5.666700 -0.101788 0.439604 0.892406 -4.541200 0.000000 0.000000 0.000000 1.000000
-0.991196 0.034010 -0.127964 -18.735201 -0.070065 -0.954774 0.288958 -5.666700 -0.112349 0.295380 0.948751 -4.541200 0.000000 0.000000 0.000000 1.000000</float_array><technique_common><accessor source="#newVegas_RightUpLeg-Matrix-animation-output-transform-array" count="32" stride="16"><param type="float4x4"/></accessor></technique_common></source><source id="newVegas_RightUpLeg-Interpolations"><Name_array id="newVegas_RightUpLeg-Interpolations-array" count="32">
 LINEAR LINEAR LINEAR LINEAR LINEAR LINEAR LINEAR LINEAR LINEAR LINEAR LINEAR
